date,year,day,month,hour,airpressureminus1000,temperature,relativehumidity,windspeed,winddirection,Lat_decimal,Lon_decimal,elev
2022-07-01 00:00:00,2022,1,7,0,-36.0,4.4,71.8,7.2,289.3,79.91388,-24.09352,375.20
2022-07-01 01:00:00,2022,1,7,1,-35.0,4.383,72.1,7.3,291.2,79.91385,-24.09348,375.20
2022-07-01 02:00:00,2022,1,7,2,-35.0,4.35,72.3,7.4,291.5,79.91388,-24.09360,375.20
2022-07-01 03:00:00,2022,1,7,3,-35.0,4.483,71.6,7.2,294.3,79.91388,-24.09367,375.20
2022-07-01 04:00:00,2022,1,7,4,-35.0,4.6,71.3,7.3,301.0,79.91386,-24.09360,375.20
2022-07-01 05:00:00,2022,1,7,5,-34.0,4.35,72.7,6.9,299.3,79.91388,-24.09364,375.20
2022-07-01 06:00:00,2022,1,7,6,-34.0,4.517,72.1,6.4,297.2,79.91387,-24.09369,375.20
2022-07-01 07:00:00,2022,1,7,7,-34.0,4.517,72.6,6.2,292.6,79.91388,-24.09362,375.20
2022-07-01 08:00:00,2022,1,7,8,-33.0,4.583,72.5,6.3,298.8,79.91386,-24.09364,375.20
2022-07-01 09:00:00,2022,1,7,9,-33.0,4.6,72.7,6.4,295.3,79.91388,-24.09369,375.20
2022-07-01 10:00:00,2022,1,7,10,-33.0,4.783,72.3,6.4,295.7,79.91388,-24.09380,375.20
2022-07-01 11:00:00,2022,1,7,11,-33.0,4.683,72.9,6.3,294.7,79.91388,-24.09352,375.20
2022-07-01 12:00:00,2022,1,7,12,-33.0,4.7,73.2,6.0,294.6,79.91388,-24.09364,375.20
2022-07-01 13:00:00,2022,1,7,13,-33.0,4.833,72.7,6.2,292.3,79.91389,-24.09359,375.20
2022-07-01 14:00:00,2022,1,7,14,-33.0,4.533,74.7,5.9,290.8,79.91388,-24.09360,375.20
2022-07-01 15:00:00,2022,1,7,15,-33.0,4.6,74.5,5.9,291.9,79.91388,-24.09359,375.20
2022-07-01 16:00:00,2022,1,7,16,-33.0,4.583,74.6,6.0,289.2,79.91388,-24.09369,375.20
2022-07-01 17:00:00,2022,1,7,17,-33.0,4.617,74.5,6.7,283.4,79.91388,-24.09345,375.20
2022-07-01 18:00:00,2022,1,7,18,-33.0,4.383,75.8,6.6,281.5,79.91387,-24.09351,375.20
2022-07-01 19:00:00,2022,1,7,19,-33.0,4.383,75.7,6.4,284.1,79.91389,-24.09361,375.20
2022-07-01 20:00:00,2022,1,7,20,-33.0,4.233,76.4,6.1,284.5,79.91388,-24.09366,375.20
2022-07-01 21:00:00,2022,1,7,21,-33.0,4.433,75.8,6.1,285.0,79.91389,-24.09371,375.20
2022-07-01 22:00:00,2022,1,7,22,-33.0,4.25,76.8,5.5,285.0,79.91388,-24.09366,375.20
2022-07-01 23:00:00,2022,1,7,23,-33.0,4.183,77.0,5.1,281.5,79.91388,-24.09342,375.20
2022-07-02 00:00:00,2022,2,7,0,-33.0,4.5,75.4,3.6,301.3,79.91387,-24.09360,375.18
2022-07-02 01:00:00,2022,2,7,1,-34.0,4.25,76.2,3.2,306.7,79.91387,-24.09351,375.18
2022-07-02 02:00:00,2022,2,7,2,-34.0,4.0,77.4,4.5,296.2,79.91387,-24.09363,375.18
2022-07-02 03:00:00,2022,2,7,3,-35.0,4.533,74.2,4.4,311.2,79.91387,-24.09355,375.18
2022-07-02 04:00:00,2022,2,7,4,-35.0,4.467,73.6,3.7,350.3,79.91385,-24.09373,375.18
2022-07-02 05:00:00,2022,2,7,5,-35.0,4.233,74.4,3.2,351.7,79.91388,-24.09361,375.18
2022-07-02 06:00:00,2022,2,7,6,-36.0,5.083,70.5,2.2,42.9,79.91386,-24.09361,375.18
2022-07-02 07:00:00,2022,2,7,7,-36.0,4.667,72.1,1.8,347.2,79.91387,-24.09356,375.18
2022-07-02 08:00:00,2022,2,7,8,-36.0,4.067,75.7,3.1,330.7,79.91386,-24.09360,375.18
2022-07-02 09:00:00,2022,2,7,9,-37.0,3.633,77.7,5.5,297.4,79.91389,-24.09362,375.18
2022-07-02 10:00:00,2022,2,7,10,-37.0,3.733,77.1,6.4,302.6,79.91388,-24.09369,375.18
2022-07-02 11:00:00,2022,2,7,11,-37.0,3.933,76.9,4.9,320.2,79.91387,-24.09362,375.18
2022-07-02 12:00:00,2022,2,7,12,-37.0,4.483,74.8,1.4,355.1,79.91388,-24.09366,375.18
2022-07-02 13:00:00,2022,2,7,13,-37.0,4.233,75.7,2.2,343.3,79.91387,-24.09358,375.18
2022-07-02 14:00:00,2022,2,7,14,-37.0,3.883,75.3,6.3,303.1,79.91393,-24.09375,375.18
2022-07-02 15:00:00,2022,2,7,15,-37.0,3.917,75.5,7.0,299.1,79.91387,-24.09361,375.18
2022-07-02 16:00:00,2022,2,7,16,-37.0,4.083,74.6,6.7,297.6,79.91388,-24.09369,375.18
2022-07-02 17:00:00,2022,2,7,17,-36.0,4.1,74.5,6.1,290.1,79.91389,-24.09347,375.18
2022-07-02 18:00:00,2022,2,7,18,-36.0,4.2,74.5,5.8,282.9,79.91389,-24.09342,375.18
2022-07-02 19:00:00,2022,2,7,19,-36.0,4.033,75.7,5.7,290.5,79.91389,-24.09363,375.18
2022-07-02 20:00:00,2022,2,7,20,-35.0,4.167,75.4,6.2,286.6,79.91388,-24.09360,375.18
2022-07-02 21:00:00,2022,2,7,21,-35.0,4.15,75.5,6.4,284.7,79.91388,-24.09359,375.18
2022-07-02 22:00:00,2022,2,7,22,-34.0,4.167,76.2,6.1,284.8,79.91388,-24.09359,375.18
2022-07-02 23:00:00,2022,2,7,23,-34.0,4.183,75.7,5.9,288.5,79.91389,-24.09346,375.18
2022-07-03 00:00:00,2022,3,7,0,-34.0,4.3,73.9,6.3,292.4,79.91387,-24.09360,375.17
2022-07-03 01:00:00,2022,3,7,1,-33.0,4.167,74.4,6.2,296.3,79.91386,-24.09347,375.17
2022-07-03 02:00:00,2022,3,7,2,-33.0,4.017,76.5,6.3,295.9,79.91385,-24.09368,375.17
2022-07-03 03:00:00,2022,3,7,3,-33.0,3.783,78.1,6.0,290.8,79.91389,-24.09373,375.17
2022-07-03 04:00:00,2022,3,7,4,-33.0,3.717,78.5,5.5,285.3,79.91386,-24.09369,375.17
2022-07-03 05:00:00,2022,3,7,5,-33.0,3.883,77.4,5.1,284.7,79.91387,-24.09367,375.17
2022-07-03 06:00:00,2022,3,7,6,-33.0,3.967,76.4,5.5,282.1,79.91388,-24.09368,375.17
2022-07-03 07:00:00,2022,3,7,7,-32.0,4.067,75.5,5.1,280.8,79.91388,-24.09365,375.17
2022-07-03 08:00:00,2022,3,7,8,-32.0,3.95,76.4,5.1,274.6,79.91387,-24.09357,375.17
2022-07-03 09:00:00,2022,3,7,9,-32.0,3.733,78.0,5.4,268.7,79.91389,-24.09361,375.17
2022-07-03 10:00:00,2022,3,7,10,-32.0,3.817,78.1,4.7,267.9,79.91390,-24.09370,375.17
2022-07-03 11:00:00,2022,3,7,11,-32.0,3.567,80.1,5.2,267.1,79.91389,-24.09350,375.17
2022-07-03 12:00:00,2022,3,7,12,-32.0,3.917,77.8,4.0,278.2,79.91390,-24.09368,375.17
2022-07-03 13:00:00,2022,3,7,13,-32.0,3.833,78.0,3.8,271.4,79.91388,-24.09367,375.17
2022-07-03 14:00:00,2022,3,7,14,-32.0,3.95,77.4,3.5,255.9,79.91392,-24.09353,375.17
2022-07-03 15:00:00,2022,3,7,15,-32.0,5.117,71.7,2.8,260.2,79.91387,-24.09356,375.17
2022-07-03 16:00:00,2022,3,7,16,-32.0,4.317,75.5,3.8,288.4,79.91389,-24.09363,375.17
2022-07-03 17:00:00,2022,3,7,17,nan,,nan,nan,nan,79.91388,-24.09342,375.17
2022-07-03 18:00:00,2022,3,7,18,-32.0,5.1,71.5,4.3,292.5,nan,nan,375.17
2022-07-03 19:00:00,2022,3,7,19,-32.0,5.5,69.8,5.1,300.2,79.91388,-24.09344,375.17
2022-07-03 20:00:00,2022,3,7,20,-32.0,5.483,69.4,5.6,300.3,79.91388,-24.09353,375.17
2022-07-03 21:00:00,2022,3,7,21,-32.0,5.7,67.8,5.4,303.1,79.91388,-24.09362,375.17
2022-07-03 22:00:00,2022,3,7,22,-32.0,4.767,72.7,6.6,280.7,79.91388,-24.09367,375.17
2022-07-03 23:00:00,2022,3,7,23,-32.0,4.9,71.4,6.6,280.5,79.91388,-24.09360,375.17
2022-07-04 00:00:00,2022,4,7,0,-31.0,5.267,68.5,2.8,347.2,79.91386,-24.09359,375.15
2022-07-04 01:00:00,2022,4,7,1,-31.0,5.333,67.5,4.3,308.5,79.91386,-24.09348,375.15
2022-07-04 02:00:00,2022,4,7,2,-31.0,4.783,70.8,5.8,303.4,79.91386,-24.09351,375.15
2022-07-04 03:00:00,2022,4,7,3,-31.0,4.267,73.6,4.4,320.3,79.91389,-24.09363,375.15
2022-07-04 04:00:00,2022,4,7,4,-31.0,4.3,73.7,6.2,303.5,79.91387,-24.09360,375.15
2022-07-04 05:00:00,2022,4,7,5,-31.0,3.867,74.9,6.8,296.2,79.91387,-24.09361,375.15
2022-07-04 06:00:00,2022,4,7,6,-30.0,3.583,76.2,7.0,294.3,79.91387,-24.09362,375.15
2022-07-04 07:00:00,2022,4,7,7,-30.0,3.433,77.4,7.5,291.6,79.91388,-24.09369,375.15
2022-07-04 08:00:00,2022,4,7,8,-30.0,2.533,85.3,7.0,315.7,79.91387,-24.09358,375.15
2022-07-04 09:00:00,2022,4,7,9,-30.0,2.717,86.0,7.2,307.4,79.91390,-24.09363,375.15
2022-07-04 10:00:00,2022,4,7,10,-30.0,3.367,82.7,6.4,302.0,79.91390,-24.09362,375.15
2022-07-04 11:00:00,2022,4,7,11,-30.0,3.183,84.7,5.6,303.0,79.91389,-24.09345,375.15
2022-07-04 12:00:00,2022,4,7,12,-30.0,3.1,85.9,4.7,299.0,79.91390,-24.09365,375.15
2022-07-04 13:00:00,2022,4,7,13,-30.0,3.267,83.9,3.6,291.8,79.91389,-24.09366,375.15
2022-07-04 14:00:00,2022,4,7,14,-30.0,3.267,82.9,3.6,283.4,79.91390,-24.09357,375.15
2022-07-04 15:00:00,2022,4,7,15,-31.0,3.333,79.4,4.5,282.4,79.91389,-24.09362,375.15
2022-07-04 16:00:00,2022,4,7,16,-31.0,3.533,77.3,4.9,282.6,79.91390,-24.09359,375.15
2022-07-04 17:00:00,2022,4,7,17,-32.0,3.567,75.9,4.8,281.5,79.91387,-24.09351,375.15
2022-07-04 18:00:00,2022,4,7,18,-32.0,3.6,75.8,5.1,280.0,79.91387,-24.09348,375.15
2022-07-04 19:00:00,2022,4,7,19,-32.0,3.517,75.7,5.4,281.8,79.91388,-24.09352,375.15
2022-07-04 20:00:00,2022,4,7,20,-32.0,3.333,76.7,5.0,271.8,79.91388,-24.09361,375.15
2022-07-04 21:00:00,2022,4,7,21,-32.0,2.883,79.1,5.0,269.3,79.91388,-24.09352,375.15
2022-07-04 22:00:00,2022,4,7,22,-33.0,3.433,72.9,4.7,273.0,79.91387,-24.09365,375.15
2022-07-04 23:00:00,2022,4,7,23,-33.0,3.85,68.5,3.1,272.4,79.91387,-24.09357,375.15
2022-07-05 00:00:00,2022,5,7,0,-33.0,3.033,72.1,3.6,266.1,79.91387,-24.09352,375.13
2022-07-05 01:00:00,2022,5,7,1,-33.0,2.933,73.5,4.3,271.3,79.91387,-24.09356,375.13
2022-07-05 02:00:00,2022,5,7,2,-33.0,3.867,69.6,3.3,312.0,79.91387,-24.09355,375.13
2022-07-05 03:00:00,2022,5,7,3,-33.0,3.983,69.8,5.0,283.2,79.91387,-24.09362,375.13
2022-07-05 04:00:00,2022,5,7,4,-33.0,4.133,68.2,4.4,298.3,79.91387,-24.09363,375.13
2022-07-05 05:00:00,2022,5,7,5,-33.0,3.783,68.8,5.1,293.9,79.91388,-24.09365,375.13
2022-07-05 06:00:00,2022,5,7,6,-34.0,3.117,73.3,5.9,278.8,79.91387,-24.09362,375.13
2022-07-05 07:00:00,2022,5,7,7,-34.0,3.067,73.5,7.3,277.0,79.91387,-24.09363,375.13
2022-07-05 08:00:00,2022,5,7,8,-34.0,3.15,74.0,6.5,276.3,79.91387,-24.09361,375.13
2022-07-05 09:00:00,2022,5,7,9,-34.0,3.2,74.9,5.8,280.8,79.91388,-24.09359,375.13
2022-07-05 10:00:00,2022,5,7,10,-34.0,3.283,75.3,5.1,282.7,79.91386,-24.09372,375.13
2022-07-05 11:00:00,2022,5,7,11,-34.0,3.317,74.8,5.3,280.0,79.91388,-24.09345,375.13
2022-07-05 12:00:00,2022,5,7,12,-34.0,3.233,75.7,4.9,277.4,79.91388,-24.09364,375.13
2022-07-05 13:00:00,2022,5,7,13,-35.0,2.983,77.8,4.6,270.1,79.91389,-24.09365,375.13
2022-07-05 14:00:00,2022,5,7,14,-35.0,2.783,80.5,5.1,264.1,79.91387,-24.09362,375.13
2022-07-05 15:00:00,2022,5,7,15,-35.0,2.95,79.9,5.3,262.9,79.91388,-24.09353,375.13
2022-07-05 16:00:00,2022,5,7,16,-36.0,2.917,80.1,5.0,260.7,79.91389,-24.09359,375.13
2022-07-05 17:00:00,2022,5,7,17,-36.0,2.883,80.4,4.7,256.1,79.91387,-24.09351,375.13
2022-07-05 18:00:00,2022,5,7,18,-36.0,2.933,79.6,4.6,259.9,79.91388,-24.09352,375.13
2022-07-05 19:00:00,2022,5,7,19,-37.0,2.8,79.8,4.5,255.8,79.91389,-24.09353,375.13
2022-07-05 20:00:00,2022,5,7,20,-37.0,3.233,74.5,4.2,244.2,79.91388,-24.09353,375.13
2022-07-05 21:00:00,2022,5,7,21,-37.0,3.117,73.9,3.8,227.1,79.91388,-24.09355,375.13
2022-07-05 22:00:00,2022,5,7,22,-37.0,3.0,75.8,4.0,214.5,79.91386,-24.09355,375.13
2022-07-05 23:00:00,2022,5,7,23,-37.0,2.45,81.0,4.4,205.5,79.91387,-24.09356,375.13
2022-07-06 00:00:00,2022,6,7,0,-37.0,1.833,83.3,4.3,206.8,79.91387,-24.09352,375.12
2022-07-06 01:00:00,2022,6,7,1,-37.0,1.683,84.8,4.5,197.6,79.91387,-24.09351,375.12
2022-07-06 02:00:00,2022,6,7,2,-37.0,1.467,86.4,4.5,203.4,79.91386,-24.09360,375.12
2022-07-06 03:00:00,2022,6,7,3,-37.0,1.417,85.7,4.0,207.7,79.91387,-24.09366,375.12
2022-07-06 04:00:00,2022,6,7,4,-37.0,1.4,82.8,3.4,220.9,79.91385,-24.09366,375.12
2022-07-06 05:00:00,2022,6,7,5,-37.0,1.65,81.9,3.4,212.1,79.91388,-24.09355,375.12
2022-07-06 06:00:00,2022,6,7,6,-37.0,1.933,80.4,3.5,216.3,79.91387,-24.09361,375.12
2022-07-06 07:00:00,2022,6,7,7,-36.0,2.2,78.8,2.9,229.8,79.91388,-24.09358,375.12
2022-07-06 08:00:00,2022,6,7,8,-36.0,2.767,79.1,3.0,231.3,79.91387,-24.09346,375.12
2022-07-06 09:00:00,2022,6,7,9,-35.0,2.25,83.0,3.3,253.4,79.91388,-24.09352,375.12
2022-07-06 10:00:00,2022,6,7,10,-35.0,2.417,83.0,3.5,256.8,79.91389,-24.09369,375.12
2022-07-06 11:00:00,2022,6,7,11,-35.0,2.617,83.2,3.7,256.5,79.91387,-24.09362,375.12
2022-07-06 12:00:00,2022,6,7,12,-35.0,2.867,82.2,3.2,250.6,79.91389,-24.09359,375.12
2022-07-06 13:00:00,2022,6,7,13,-35.0,3.0,82.3,3.8,252.9,79.91388,-24.09356,375.12
2022-07-06 14:00:00,2022,6,7,14,-35.0,2.8,83.0,4.1,255.8,79.91388,-24.09359,375.12
2022-07-06 15:00:00,2022,6,7,15,-35.0,3.233,80.5,3.6,251.3,79.91388,-24.09358,375.12
2022-07-06 16:00:00,2022,6,7,16,-35.0,2.75,84.0,4.1,261.2,79.91389,-24.09356,375.12
2022-07-06 17:00:00,2022,6,7,17,-35.0,2.767,84.6,4.0,266.0,79.91386,-24.09358,375.12
2022-07-06 18:00:00,2022,6,7,18,-35.0,2.75,84.6,4.3,263.6,79.91388,-24.09350,375.12
2022-07-06 19:00:00,2022,6,7,19,-35.0,2.65,84.9,4.2,260.9,79.91388,-24.09348,375.12
2022-07-06 20:00:00,2022,6,7,20,-35.0,2.633,84.7,4.0,258.5,79.91387,-24.09362,375.12
2022-07-06 21:00:00,2022,6,7,21,-35.0,2.767,82.8,3.3,261.4,79.91387,-24.09353,375.12
2022-07-06 22:00:00,2022,6,7,22,-36.0,3.067,81.6,3.4,259.9,79.91386,-24.09354,375.12
2022-07-06 23:00:00,2022,6,7,23,-36.0,3.433,78.5,2.6,260.2,79.91388,-24.09349,375.12
2022-07-07 00:00:00,2022,7,7,0,-36.0,2.967,80.4,3.1,255.5,79.91386,-24.09369,375.10
2022-07-07 01:00:00,2022,7,7,1,-36.0,2.133,83.4,3.6,256.6,79.91388,-24.09345,375.10
2022-07-07 02:00:00,2022,7,7,2,-37.0,1.783,84.1,4.6,257.8,79.91386,-24.09360,375.10
2022-07-07 03:00:00,2022,7,7,3,-37.0,2.05,83.1,3.9,264.4,79.91387,-24.09359,375.10
2022-07-07 04:00:00,2022,7,7,4,-37.0,2.55,81.3,3.7,266.3,79.91387,-24.09356,375.10
2022-07-07 05:00:00,2022,7,7,5,-37.0,3.05,79.1,2.8,283.9,79.91388,-24.09362,375.10
2022-07-07 06:00:00,2022,7,7,6,-37.0,2.833,80.9,2.7,271.1,79.91387,-24.09366,375.10
2022-07-07 07:00:00,2022,7,7,7,-37.0,3.2,79.3,3.3,273.9,79.91388,-24.09362,375.10
2022-07-07 08:00:00,2022,7,7,8,-37.0,3.367,77.7,4.1,278.3,79.91387,-24.09361,375.10
2022-07-07 09:00:00,2022,7,7,9,-37.0,3.5,78.5,5.0,280.5,79.91388,-24.09355,375.10
2022-07-07 10:00:00,2022,7,7,10,-37.0,3.317,81.8,6.1,280.3,79.91388,-24.09363,375.10
2022-07-07 11:00:00,2022,7,7,11,-37.0,3.333,82.3,6.3,282.6,79.91388,-24.09359,375.10
2022-07-07 12:00:00,2022,7,7,12,-36.0,3.15,83.8,6.4,284.1,79.91388,-24.09361,375.10
2022-07-07 13:00:00,2022,7,7,13,-36.0,3.167,84.3,6.1,283.3,79.91388,-24.09354,375.10
2022-07-07 14:00:00,2022,7,7,14,-36.0,3.45,83.5,5.6,277.7,79.91390,-24.09355,375.10
2022-07-07 15:00:00,2022,7,7,15,-36.0,3.55,82.5,6.0,276.3,79.91387,-24.09345,375.10
2022-07-07 16:00:00,2022,7,7,16,-36.0,3.717,81.3,5.9,275.6,79.91388,-24.09352,375.10
2022-07-07 17:00:00,2022,7,7,17,-36.0,3.883,80.4,5.9,284.4,79.91385,-24.09365,375.10
2022-07-07 18:00:00,2022,7,7,18,-36.0,3.767,80.6,5.5,283.5,79.91386,-24.09343,375.10
2022-07-07 19:00:00,2022,7,7,19,-35.0,3.683,80.9,5.8,280.8,79.91387,-24.09351,375.10
2022-07-07 20:00:00,2022,7,7,20,-35.0,3.917,79.3,5.9,279.9,79.91387,-24.09360,375.10
2022-07-07 21:00:00,2022,7,7,21,-35.0,3.95,78.4,5.6,275.1,79.91389,-24.09352,375.10
2022-07-07 22:00:00,2022,7,7,22,-35.0,3.7,78.8,5.6,273.7,79.91387,-24.09357,375.10
2022-07-07 23:00:00,2022,7,7,23,-34.0,3.617,77.3,5.9,272.6,79.91389,-24.09354,375.10
2022-07-08 00:00:00,2022,8,7,0,-34.0,3.733,75.6,6.3,277.4,79.91386,-24.09371,375.08
2022-07-08 01:00:00,2022,8,7,1,-34.0,3.633,74.2,6.1,274.2,79.91387,-24.09347,375.08
2022-07-08 02:00:00,2022,8,7,2,-34.0,3.25,73.5,6.0,270.2,79.91387,-24.09360,375.08
2022-07-08 03:00:00,2022,8,7,3,-34.0,3.15,74.0,6.2,272.6,79.91387,-24.09351,375.08
2022-07-08 04:00:00,2022,8,7,4,-34.0,2.9,75.3,6.1,267.8,79.91387,-24.09355,375.08
2022-07-08 05:00:00,2022,8,7,5,-34.0,2.783,76.8,5.3,264.9,79.91388,-24.09357,375.08
2022-07-08 06:00:00,2022,8,7,6,-34.0,3.5,72.4,4.7,266.3,79.91387,-24.09367,375.08
2022-07-08 07:00:00,2022,8,7,7,-34.0,3.767,71.0,4.5,278.4,79.91390,-24.09360,375.08
2022-07-08 08:00:00,2022,8,7,8,-34.0,3.817,71.6,4.6,278.0,79.91389,-24.09363,375.08
2022-07-08 09:00:00,2022,8,7,9,-35.0,3.717,73.1,5.0,274.4,79.91390,-24.09351,375.08
2022-07-08 10:00:00,2022,8,7,10,-35.0,3.833,73.9,4.6,277.1,79.91388,-24.09363,375.08
2022-07-08 11:00:00,2022,8,7,11,-35.0,3.517,77.2,4.0,271.1,79.91385,-24.09359,375.08
2022-07-08 12:00:00,2022,8,7,12,-35.0,3.367,78.8,4.3,264.7,79.91388,-24.09357,375.08
2022-07-08 13:00:00,2022,8,7,13,-35.0,3.55,79.8,5.1,257.1,79.91387,-24.09357,375.08
2022-07-08 14:00:00,2022,8,7,14,-36.0,3.467,80.1,4.7,264.1,79.91387,-24.09360,375.08
2022-07-08 15:00:00,2022,8,7,15,-36.0,3.6,80.0,5.0,263.1,79.91387,-24.09347,375.08
2022-07-08 16:00:00,2022,8,7,16,-36.0,3.733,79.2,4.5,262.9,79.91389,-24.09357,375.08
2022-07-08 17:00:00,2022,8,7,17,-37.0,3.983,77.9,4.0,265.0,79.91388,-24.09362,375.08
2022-07-08 18:00:00,2022,8,7,18,-37.0,4.617,76.0,4.6,281.6,79.91387,-24.09344,375.08
2022-07-08 19:00:00,2022,8,7,19,-37.0,5.017,73.2,5.1,297.9,79.91387,-24.09349,375.08
2022-07-08 20:00:00,2022,8,7,20,-37.0,5.267,72.4,6.5,299.7,79.91387,-24.09339,375.08
2022-07-08 21:00:00,2022,8,7,21,-37.0,5.05,73.7,8.2,291.5,79.91388,-24.09351,375.08
2022-07-08 22:00:00,2022,8,7,22,-37.0,5.15,73.9,9.5,290.9,79.91385,-24.09349,375.08
2022-07-08 23:00:00,2022,8,7,23,-36.0,5.033,75.0,9.8,292.6,79.91389,-24.09351,375.08
2022-07-09 00:00:00,2022,9,7,0,-36.0,5.067,74.4,9.7,294.2,79.91387,-24.09349,375.07
2022-07-09 01:00:00,2022,9,7,1,-36.0,5.083,74.3,9.5,294.5,79.91388,-24.09360,375.07
2022-07-09 02:00:00,2022,9,7,2,-36.0,5.033,76.2,9.2,296.3,79.91390,-24.09361,375.07
2022-07-09 03:00:00,2022,9,7,3,-36.0,4.883,76.7,8.5,293.2,79.91386,-24.09352,375.07
2022-07-09 04:00:00,2022,9,7,4,-36.0,4.867,76.5,7.4,289.6,79.91388,-24.09361,375.07
2022-07-09 05:00:00,2022,9,7,5,-36.0,4.55,76.7,6.9,282.3,79.91388,-24.09348,375.07
2022-07-09 06:00:00,2022,9,7,6,-36.0,4.583,76.3,6.3,279.1,79.91388,-24.09369,375.07
2022-07-09 07:00:00,2022,9,7,7,-37.0,4.683,75.9,6.7,286.5,79.91388,-24.09358,375.07
2022-07-09 08:00:00,2022,9,7,8,-37.0,4.433,77.0,6.5,287.6,79.91388,-24.09356,375.07
2022-07-09 09:00:00,2022,9,7,9,-37.0,4.517,76.8,6.9,287.0,79.91389,-24.09347,375.07
2022-07-09 10:00:00,2022,9,7,10,-37.0,4.55,76.8,7.1,289.6,79.91389,-24.09365,375.07
2022-07-09 11:00:00,2022,9,7,11,-37.0,4.45,76.8,6.6,286.0,79.91388,-24.09352,375.07
2022-07-09 12:00:00,2022,9,7,12,-38.0,4.85,74.7,7.2,289.8,79.91389,-24.09357,375.07
2022-07-09 13:00:00,2022,9,7,13,-38.0,4.533,75.8,7.7,290.4,79.91389,-24.09360,375.07
2022-07-09 14:00:00,2022,9,7,14,-38.0,4.533,75.6,7.7,284.1,79.91388,-24.09369,375.07
2022-07-09 15:00:00,2022,9,7,15,-39.0,4.817,73.8,8.1,285.2,79.91388,-24.09354,375.07
2022-07-09 16:00:00,2022,9,7,16,-39.0,4.85,74.0,9.1,287.2,79.91387,-24.09359,375.07
2022-07-09 17:00:00,2022,9,7,17,-39.0,4.7,75.2,9.1,294.6,79.91390,-24.09352,375.07
2022-07-09 18:00:00,2022,9,7,18,-39.0,4.383,77.2,9.3,293.3,79.91387,-24.09352,375.07
2022-07-09 19:00:00,2022,9,7,19,-39.0,4.4,78.5,9.6,291.5,79.91387,-24.09353,375.07
2022-07-09 20:00:00,2022,9,7,20,-39.0,3.85,82.4,9.7,296.1,79.91387,-24.09355,375.07
2022-07-09 21:00:00,2022,9,7,21,-38.0,3.633,88.3,7.8,295.5,79.91388,-24.09351,375.07
2022-07-09 22:00:00,2022,9,7,22,-38.0,3.533,87.9,6.4,292.3,79.91386,-24.09348,375.07
2022-07-09 23:00:00,2022,9,7,23,-38.0,3.467,86.4,6.0,291.8,79.91386,-24.09356,375.07
2022-07-10 00:00:00,2022,10,7,0,-38.0,3.283,87.5,5.3,289.5,79.91387,-24.09348,375.05
2022-07-10 01:00:00,2022,10,7,1,-38.0,3.583,84.2,5.0,284.6,79.91387,-24.09348,375.05
2022-07-10 02:00:00,2022,10,7,2,-38.0,3.583,82.2,4.5,288.4,79.91387,-24.09346,375.05
2022-07-10 03:00:00,2022,10,7,3,-38.0,3.533,82.4,4.2,285.8,79.91387,-24.09360,375.05
2022-07-10 04:00:00,2022,10,7,4,-38.0,3.467,82.4,4.5,280.7,79.91387,-24.09357,375.05
2022-07-10 05:00:00,2022,10,7,5,-38.0,3.65,81.7,4.7,278.9,79.91388,-24.09358,375.05
2022-07-10 06:00:00,2022,10,7,6,-38.0,3.817,81.1,4.6,281.6,79.91388,-24.09360,375.05
2022-07-10 07:00:00,2022,10,7,7,-39.0,3.85,80.3,4.2,275.9,79.91385,-24.09356,375.05
2022-07-10 08:00:00,2022,10,7,8,-39.0,3.867,80.3,3.9,274.3,79.91387,-24.09354,375.05
2022-07-10 09:00:00,2022,10,7,9,-39.0,3.1,84.1,4.2,259.6,79.91388,-24.09342,375.05
2022-07-10 10:00:00,2022,10,7,10,-39.0,3.067,84.2,4.0,262.3,79.91388,-24.09354,375.05
2022-07-10 11:00:00,2022,10,7,11,-39.0,4.15,79.5,3.1,255.3,79.91386,-24.09351,375.05
2022-07-10 12:00:00,2022,10,7,12,-40.0,3.933,80.2,4.0,251.3,79.91387,-24.09355,375.05
2022-07-10 13:00:00,2022,10,7,13,-40.0,4.333,78.1,3.1,248.6,79.91387,-24.09363,375.05
2022-07-10 14:00:00,2022,10,7,14,-41.0,4.667,76.5,3.0,236.3,79.91387,-24.09359,375.05
2022-07-10 15:00:00,2022,10,7,15,-41.0,4.5,77.0,3.3,226.1,79.91389,-24.09356,375.05
2022-07-10 16:00:00,2022,10,7,16,-42.0,4.5,77.1,3.1,213.8,79.91388,-24.09350,375.05
2022-07-10 17:00:00,2022,10,7,17,-42.0,4.367,78.0,2.9,194.5,79.91390,-24.09354,375.05
2022-07-10 18:00:00,2022,10,7,18,-42.0,3.933,81.0,3.7,199.3,79.91387,-24.09345,375.05
2022-07-10 19:00:00,2022,10,7,19,-42.0,3.633,83.4,3.5,200.1,79.91387,-24.09351,375.05
2022-07-10 20:00:00,2022,10,7,20,-42.0,3.5,85.4,4.0,202.6,79.91388,-24.09358,375.05
2022-07-10 21:00:00,2022,10,7,21,-42.0,3.15,87.0,3.6,194.1,79.91390,-24.09349,375.05
2022-07-10 22:00:00,2022,10,7,22,-42.0,2.9,88.0,3.4,196.5,79.91387,-24.09361,375.05
2022-07-10 23:00:00,2022,10,7,23,-42.0,3.167,86.5,2.9,191.7,79.91389,-24.09351,375.05
2022-07-11 00:00:00,2022,11,7,0,-42.0,3.367,83.0,1.8,269.7,79.91387,-24.09346,375.03
2022-07-11 01:00:00,2022,11,7,1,-42.0,3.517,83.4,2.1,305.5,79.91388,-24.09358,375.03
2022-07-11 02:00:00,2022,11,7,2,-41.0,3.633,84.2,2.6,331.8,79.91386,-24.09349,375.03
2022-07-11 03:00:00,2022,11,7,3,-41.0,3.767,84.2,4.9,325.1,79.91386,-24.09351,375.03
2022-07-11 04:00:00,2022,11,7,4,-41.0,3.267,86.4,7.4,299.7,79.91389,-24.09354,375.03
2022-07-11 05:00:00,2022,11,7,5,-40.0,2.483,90.9,8.0,306.0,79.91388,-24.09357,375.03
2022-07-11 06:00:00,2022,11,7,6,-40.0,1.7,92.6,9.2,307.1,79.91386,-24.09354,375.03
2022-07-11 07:00:00,2022,11,7,7,-39.0,1.267,92.9,10.0,311.5,79.91391,-24.09356,375.03
2022-07-11 08:00:00,2022,11,7,8,-38.0,1.183,91.4,8.4,313.1,79.91387,-24.09360,375.03
2022-07-11 09:00:00,2022,11,7,9,-38.0,0.95,91.1,6.9,317.1,79.91390,-24.09344,375.03
2022-07-11 10:00:00,2022,11,7,10,-37.0,0.967,91.6,4.4,337.7,79.91388,-24.09360,375.03
2022-07-11 11:00:00,2022,11,7,11,-37.0,1.1,92.6,5.2,317.0,79.91389,-24.09367,375.03
2022-07-11 12:00:00,2022,11,7,12,-37.0,1.483,90.3,4.1,316.6,79.91386,-24.09352,375.03
2022-07-11 13:00:00,2022,11,7,13,-36.0,1.65,89.0,3.1,314.1,79.91387,-24.09362,375.03
2022-07-11 14:00:00,2022,11,7,14,-36.0,2.017,86.3,2.6,291.7,79.91387,-24.09356,375.03
2022-07-11 15:00:00,2022,11,7,15,-36.0,2.233,81.9,3.0,284.7,79.91389,-24.09354,375.03
2022-07-11 16:00:00,2022,11,7,16,-36.0,2.6,77.5,3.0,278.9,79.91387,-24.09346,375.03
2022-07-11 17:00:00,2022,11,7,17,-36.0,3.067,73.5,3.4,275.8,79.91387,-24.09346,375.03
2022-07-11 18:00:00,2022,11,7,18,-36.0,2.617,76.9,3.7,269.2,79.91387,-24.09347,375.03
2022-07-11 19:00:00,2022,11,7,19,-37.0,2.417,78.9,4.7,260.7,79.91386,-24.09347,375.03
2022-07-11 20:00:00,2022,11,7,20,-37.0,2.883,74.7,3.8,221.8,79.91388,-24.09349,375.03
2022-07-11 21:00:00,2022,11,7,21,-37.0,2.9,78.8,3.6,194.7,79.91390,-24.09347,375.03
2022-07-11 22:00:00,2022,11,7,22,-37.0,2.917,78.3,3.7,189.8,79.91387,-24.09351,375.03
2022-07-11 23:00:00,2022,11,7,23,-37.0,4.2,61.4,2.5,271.8,79.91387,-24.09355,375.03
2022-07-12 00:00:00,2022,12,7,0,-38.0,2.617,68.0,4.5,280.9,79.91386,-24.09352,375.02
2022-07-12 01:00:00,2022,12,7,1,-38.0,2.083,70.1,2.8,248.2,79.91386,-24.09350,375.02
2022-07-12 02:00:00,2022,12,7,2,-38.0,1.983,69.9,2.9,243.9,79.91386,-24.09358,375.02
2022-07-12 03:00:00,2022,12,7,3,-39.0,1.433,72.0,2.8,267.5,79.91386,-24.09346,375.02
2022-07-12 04:00:00,2022,12,7,4,-39.0,1.4,73.8,2.6,263.1,79.91386,-24.09354,375.02
2022-07-12 05:00:00,2022,12,7,5,-39.0,1.617,73.0,2.0,269.8,79.91388,-24.09350,375.02
2022-07-12 06:00:00,2022,12,7,6,-40.0,2.167,69.5,1.7,251.0,79.91386,-24.09348,375.02
2022-07-12 07:00:00,2022,12,7,7,-40.0,2.767,64.1,1.9,248.0,79.91387,-24.09351,375.02
2022-07-12 08:00:00,2022,12,7,8,-41.0,3.317,63.9,1.5,247.3,79.91385,-24.09351,375.02
2022-07-12 09:00:00,2022,12,7,9,-41.0,3.75,63.3,1.4,244.2,79.91389,-24.09349,375.02
2022-07-12 10:00:00,2022,12,7,10,-42.0,4.267,65.2,2.0,215.0,79.91387,-24.09351,375.02
2022-07-12 11:00:00,2022,12,7,11,-42.0,4.633,64.2,1.5,247.8,79.91388,-24.09369,375.02
2022-07-12 12:00:00,2022,12,7,12,-43.0,3.883,71.7,2.7,293.6,79.91388,-24.09354,375.02
2022-07-12 13:00:00,2022,12,7,13,-43.0,5.083,66.6,4.3,315.0,79.91386,-24.09352,375.02
2022-07-12 14:00:00,2022,12,7,14,-44.0,4.717,69.2,4.2,310.8,79.91387,-24.09356,375.02
2022-07-12 15:00:00,2022,12,7,15,-45.0,4.3,72.1,6.4,276.5,79.91387,-24.09366,375.02
2022-07-12 16:00:00,2022,12,7,16,-45.0,4.117,73.5,6.2,274.4,79.91388,-24.09351,375.02
2022-07-12 17:00:00,2022,12,7,17,-45.0,4.067,73.5,5.1,276.6,79.91386,-24.09347,375.02
2022-07-12 18:00:00,2022,12,7,18,-46.0,4.133,72.1,4.8,280.2,79.91386,-24.09350,375.02
2022-07-12 19:00:00,2022,12,7,19,-46.0,4.55,69.8,4.7,284.9,79.91386,-24.09358,375.02
2022-07-12 20:00:00,2022,12,7,20,-45.0,4.583,70.3,4.5,291.2,79.91390,-24.09351,375.02
2022-07-12 21:00:00,2022,12,7,21,-45.0,4.183,73.2,4.3,289.8,79.91388,-24.09348,375.02
2022-07-12 22:00:00,2022,12,7,22,-45.0,4.033,74.8,4.2,287.6,79.91387,-24.09345,375.02
2022-07-12 23:00:00,2022,12,7,23,-45.0,3.9,76.5,4.1,287.2,79.91386,-24.09356,375.02
2022-07-13 00:00:00,2022,13,7,0,-44.0,3.867,78.1,3.5,287.7,79.91388,-24.09358,375.00
2022-07-13 01:00:00,2022,13,7,1,-44.0,4.333,76.6,3.3,287.1,79.91386,-24.09359,375.00
2022-07-13 02:00:00,2022,13,7,2,-44.0,4.467,76.0,3.4,293.2,79.91386,-24.09357,375.00
2022-07-13 03:00:00,2022,13,7,3,-44.0,4.633,74.8,4.2,310.7,79.91386,-24.09344,375.00
2022-07-13 04:00:00,2022,13,7,4,-44.0,5.55,68.7,6.1,313.0,79.91387,-24.09356,375.00
2022-07-13 05:00:00,2022,13,7,5,-44.0,5.067,71.3,8.3,290.3,79.91387,-24.09354,375.00
2022-07-13 06:00:00,2022,13,7,6,-43.0,4.833,73.2,8.5,292.6,79.91387,-24.09363,375.00
2022-07-13 07:00:00,2022,13,7,7,-43.0,4.75,73.5,9.0,294.1,79.91386,-24.09350,375.00
2022-07-13 08:00:00,2022,13,7,8,-42.0,5.283,71.2,10.1,292.7,79.91387,-24.09356,375.00
2022-07-13 09:00:00,2022,13,7,9,-42.0,5.283,72.6,9.9,293.2,79.91388,-24.09359,375.00
2022-07-13 10:00:00,2022,13,7,10,-41.0,5.45,72.3,10.1,291.7,79.91385,-24.09354,375.00
2022-07-13 11:00:00,2022,13,7,11,-41.0,5.25,72.8,9.5,293.8,79.91389,-24.09356,375.00
2022-07-13 12:00:00,2022,13,7,12,-40.0,4.85,75.2,8.3,289.4,79.91387,-24.09356,375.00
2022-07-13 13:00:00,2022,13,7,13,-40.0,4.983,74.4,7.8,292.7,79.91387,-24.09351,375.00
2022-07-13 14:00:00,2022,13,7,14,-40.0,4.967,74.1,7.7,294.6,79.91389,-24.09358,375.00
2022-07-13 15:00:00,2022,13,7,15,-39.0,4.7,75.9,8.0,291.5,79.91389,-24.09364,375.00
2022-07-13 16:00:00,2022,13,7,16,-38.0,3.783,82.5,7.9,300.0,79.91386,-24.09350,375.00
2022-07-13 17:00:00,2022,13,7,17,-38.0,3.433,87.4,8.8,299.0,79.91389,-24.09347,375.00
2022-07-13 18:00:00,2022,13,7,18,-37.0,3.033,89.5,9.8,298.8,79.91386,-24.09344,375.00
2022-07-13 19:00:00,2022,13,7,19,-36.0,2.4,92.4,10.3,305.5,79.91387,-24.09361,375.00
2022-07-13 20:00:00,2022,13,7,20,-36.0,1.833,93.8,9.7,305.8,79.91389,-24.09355,375.00
2022-07-13 21:00:00,2022,13,7,21,-35.0,1.517,95.4,9.3,309.4,79.91389,-24.09340,375.00
2022-07-13 22:00:00,2022,13,7,22,-34.0,1.317,96.5,8.9,312.1,79.91388,-24.09352,375.00
2022-07-13 23:00:00,2022,13,7,23,-34.0,1.25,96.7,8.9,310.4,79.91388,-24.09352,375.00
2022-07-14 00:00:00,2022,14,7,0,-33.0,1.3,95.9,9.8,304.5,79.91387,-24.09356,374.98
2022-07-14 01:00:00,2022,14,7,1,-33.0,1.117,96.0,10.0,305.1,79.91386,-24.09356,374.98
2022-07-14 02:00:00,2022,14,7,2,-32.0,1.5,93.0,8.9,310.1,79.91386,-24.09345,374.98
2022-07-14 03:00:00,2022,14,7,3,-32.0,2.083,89.2,8.2,314.8,79.91386,-24.09358,374.98
2022-07-14 04:00:00,2022,14,7,4,-31.0,2.0,88.2,6.7,316.5,79.91387,-24.09359,374.98
2022-07-14 05:00:00,2022,14,7,5,-31.0,2.133,88.1,6.7,321.2,79.91389,-24.09358,374.98
2022-07-14 06:00:00,2022,14,7,6,-31.0,2.317,87.4,7.1,320.0,79.91387,-24.09369,374.98
2022-07-14 07:00:00,2022,14,7,7,-30.0,2.533,86.1,7.3,312.2,79.91387,-24.09358,374.98
2022-07-14 08:00:00,2022,14,7,8,-30.0,2.517,87.0,6.8,303.9,79.91387,-24.09357,374.98
2022-07-14 09:00:00,2022,14,7,9,-29.0,2.583,87.1,4.6,299.0,79.91388,-24.09358,374.98
2022-07-14 10:00:00,2022,14,7,10,-29.0,2.75,87.1,3.5,286.8,79.91388,-24.09358,374.98
2022-07-14 11:00:00,2022,14,7,11,-29.0,2.917,87.3,4.8,291.0,79.91388,-24.09355,374.98
2022-07-14 12:00:00,2022,14,7,12,-29.0,3.033,87.7,5.5,291.1,79.91388,-24.09353,374.98
2022-07-14 13:00:00,2022,14,7,13,-29.0,3.35,86.4,4.7,291.1,79.91388,-24.09358,374.98
2022-07-14 14:00:00,2022,14,7,14,-29.0,3.65,84.2,3.7,288.8,79.91388,-24.09356,374.98
2022-07-14 15:00:00,2022,14,7,15,-29.0,3.167,85.5,4.0,273.5,79.91387,-24.09363,374.98
2022-07-14 16:00:00,2022,14,7,16,-29.0,2.883,85.9,4.4,265.7,79.91386,-24.09338,374.98
2022-07-14 17:00:00,2022,14,7,17,-29.0,2.817,85.5,4.7,264.0,79.91387,-24.09348,374.98
2022-07-14 18:00:00,2022,14,7,18,-30.0,2.983,84.4,5.2,262.9,79.91390,-24.09362,374.98
2022-07-14 19:00:00,2022,14,7,19,-30.0,2.983,83.4,5.4,262.9,79.91387,-24.09358,374.98
2022-07-14 20:00:00,2022,14,7,20,-30.0,2.883,83.5,5.1,262.7,79.91388,-24.09348,374.98
2022-07-14 21:00:00,2022,14,7,21,-30.0,2.933,83.0,5.2,257.7,79.91388,-24.09358,374.98
2022-07-14 22:00:00,2022,14,7,22,-30.0,3.317,79.5,4.6,259.8,79.91386,-24.09346,374.98
2022-07-14 23:00:00,2022,14,7,23,-30.0,3.6,78.1,3.7,232.0,79.91388,-24.09343,374.98
2022-07-15 00:00:00,2022,15,7,0,-30.0,3.633,77.8,2.8,215.7,79.91387,-24.09349,374.97
2022-07-15 01:00:00,2022,15,7,1,-30.0,3.567,77.8,2.3,225.5,79.91386,-24.09349,374.97
2022-07-15 02:00:00,2022,15,7,2,-31.0,3.817,75.7,1.5,241.4,79.91385,-24.09349,374.97
2022-07-15 03:00:00,2022,15,7,3,-31.0,3.133,78.9,2.3,248.3,79.91385,-24.09357,374.97
2022-07-15 04:00:00,2022,15,7,4,-31.0,3.667,75.4,1.4,245.8,79.91387,-24.09364,374.97
2022-07-15 05:00:00,2022,15,7,5,-32.0,3.867,74.6,1.9,260.8,79.91386,-24.09355,374.97
2022-07-15 06:00:00,2022,15,7,6,-32.0,3.55,76.7,2.2,262.5,79.91386,-24.09371,374.97
2022-07-15 07:00:00,2022,15,7,7,-32.0,3.883,75.8,2.9,232.0,79.91388,-24.09349,374.97
2022-07-15 08:00:00,2022,15,7,8,-32.0,4.467,72.8,2.8,243.3,79.91388,-24.09357,374.97
2022-07-15 09:00:00,2022,15,7,9,-33.0,4.4,73.2,2.7,232.9,79.91389,-24.09354,374.97
2022-07-15 10:00:00,2022,15,7,10,-33.0,3.35,80.1,3.4,252.1,79.91389,-24.09354,374.97
2022-07-15 11:00:00,2022,15,7,11,-33.0,4.183,75.0,3.2,249.8,79.91391,-24.09352,374.97
2022-07-15 12:00:00,2022,15,7,12,-33.0,4.55,73.2,3.5,236.8,79.91387,-24.09356,374.97
2022-07-15 13:00:00,2022,15,7,13,-33.0,4.2,75.4,4.2,226.1,79.91393,-24.09338,374.97
2022-07-15 14:00:00,2022,15,7,14,-34.0,4.483,73.7,4.0,220.9,79.91388,-24.09357,374.97
2022-07-15 15:00:00,2022,15,7,15,-34.0,4.5,73.7,4.6,221.7,79.91389,-24.09364,374.97
2022-07-15 16:00:00,2022,15,7,16,-35.0,4.5,73.5,4.7,212.3,79.91386,-24.09349,374.97
2022-07-15 17:00:00,2022,15,7,17,-35.0,4.467,74.1,4.8,212.0,79.91388,-24.09345,374.97
2022-07-15 18:00:00,2022,15,7,18,-35.0,4.3,74.9,5.1,205.5,79.91390,-24.09357,374.97
2022-07-15 19:00:00,2022,15,7,19,-36.0,4.367,74.9,5.2,204.7,79.91387,-24.09359,374.97
2022-07-15 20:00:00,2022,15,7,20,-36.0,4.083,76.4,5.1,201.0,79.91387,-24.09355,374.97
2022-07-15 21:00:00,2022,15,7,21,-36.0,4.1,76.2,5.4,204.4,79.91387,-24.09352,374.97
2022-07-15 22:00:00,2022,15,7,22,-36.0,4.033,76.2,5.7,205.7,79.91386,-24.09349,374.97
2022-07-15 23:00:00,2022,15,7,23,-37.0,4.083,76.4,4.0,199.0,79.91387,-24.09350,374.97
2022-07-16 00:00:00,2022,16,7,0,-36.0,3.95,77.5,3.8,194.5,79.91386,-24.09349,374.95
2022-07-16 01:00:00,2022,16,7,1,-36.0,3.967,78.7,2.8,229.7,79.91385,-24.09351,374.95
2022-07-16 02:00:00,2022,16,7,2,-36.0,3.083,82.3,2.6,247.8,79.91386,-24.09354,374.95
2022-07-16 03:00:00,2022,16,7,3,-36.0,4.283,79.2,2.4,275.6,79.91385,-24.09355,374.95
2022-07-16 04:00:00,2022,16,7,4,-36.0,3.4,82.8,3.4,288.3,79.91386,-24.09360,374.95
2022-07-16 05:00:00,2022,16,7,5,-36.0,3.417,83.0,3.6,288.3,79.91388,-24.09364,374.95
2022-07-16 06:00:00,2022,16,7,6,-36.0,3.55,82.9,3.8,292.7,79.91385,-24.09373,374.95
2022-07-16 07:00:00,2022,16,7,7,-36.0,4.05,81.2,3.8,291.7,79.91388,-24.09358,374.95
2022-07-16 08:00:00,2022,16,7,8,-36.0,4.017,81.0,4.0,290.8,79.91387,-24.09349,374.95
2022-07-16 09:00:00,2022,16,7,9,-36.0,4.5,78.9,4.4,292.7,79.91388,-24.09363,374.95
2022-07-16 10:00:00,2022,16,7,10,-36.0,4.667,78.0,4.2,298.0,79.91390,-24.09352,374.95
2022-07-16 11:00:00,2022,16,7,11,-36.0,4.683,77.4,5.0,293.6,79.91388,-24.09356,374.95
2022-07-16 12:00:00,2022,16,7,12,-36.0,5.117,74.9,6.0,291.0,79.91386,-24.09353,374.95
2022-07-16 13:00:00,2022,16,7,13,-36.0,5.017,73.5,6.3,286.7,79.91386,-24.09369,374.95
2022-07-16 14:00:00,2022,16,7,14,-36.0,5.283,72.5,6.9,285.5,79.91389,-24.09362,374.95
2022-07-16 15:00:00,2022,16,7,15,-36.0,5.75,70.9,6.7,284.7,79.91388,-24.09360,374.95
2022-07-16 16:00:00,2022,16,7,16,-36.0,6.117,70.7,7.0,283.7,79.91385,-24.09362,374.95
2022-07-16 17:00:00,2022,16,7,17,-36.0,5.983,72.2,7.7,281.1,79.91387,-24.09342,374.95
2022-07-16 18:00:00,2022,16,7,18,-36.0,5.9,73.5,7.9,278.1,79.91391,-24.09366,374.95
2022-07-16 19:00:00,2022,16,7,19,-36.0,5.733,73.9,7.8,284.2,79.91388,-24.09362,374.95
2022-07-16 20:00:00,2022,16,7,20,-36.0,5.633,74.4,8.1,280.6,79.91387,-24.09353,374.95
2022-07-16 21:00:00,2022,16,7,21,-36.0,5.983,72.4,8.2,285.8,79.91386,-24.09359,374.95
2022-07-16 22:00:00,2022,16,7,22,-36.0,6.75,65.2,7.9,296.8,79.91386,-24.09349,374.95
2022-07-16 23:00:00,2022,16,7,23,-37.0,6.45,65.1,7.5,289.3,79.91385,-24.09349,374.95
2022-07-17 00:00:00,2022,17,7,0,-37.0,6.533,66.1,7.3,291.0,79.91386,-24.09356,374.93
2022-07-17 01:00:00,2022,17,7,1,-37.0,6.133,68.5,7.7,292.9,79.91386,-24.09354,374.93
2022-07-17 02:00:00,2022,17,7,2,-37.0,6.217,68.6,8.6,302.4,79.91386,-24.09355,374.93
2022-07-17 03:00:00,2022,17,7,3,-37.0,5.967,70.5,7.5,291.7,79.91386,-24.09360,374.93
2022-07-17 04:00:00,2022,17,7,4,-37.0,5.6,72.4,6.3,302.7,79.91388,-24.09364,374.93
2022-07-17 05:00:00,2022,17,7,5,-37.0,5.167,74.8,7.1,301.2,79.91387,-24.09358,374.93
2022-07-17 06:00:00,2022,17,7,6,-37.0,5.617,73.5,7.1,299.6,79.91387,-24.09368,374.93
2022-07-17 07:00:00,2022,17,7,7,-37.0,6.2,70.7,8.1,295.4,79.91387,-24.09349,374.93
2022-07-17 08:00:00,2022,17,7,8,-37.0,5.55,73.7,8.1,311.6,79.91387,-24.09356,374.93
2022-07-17 09:00:00,2022,17,7,9,-37.0,5.567,72.6,7.7,299.8,79.91388,-24.09362,374.93
2022-07-17 10:00:00,2022,17,7,10,-37.0,5.45,74.1,7.8,305.9,79.91389,-24.09342,374.93
2022-07-17 11:00:00,2022,17,7,11,-37.0,5.417,74.7,8.4,310.3,79.91387,-24.09348,374.93
2022-07-17 12:00:00,2022,17,7,12,-37.0,5.25,76.7,9.2,309.8,79.91387,-24.09351,374.93
2022-07-17 13:00:00,2022,17,7,13,-37.0,5.45,77.2,8.2,299.7,79.91387,-24.09367,374.93
2022-07-17 14:00:00,2022,17,7,14,-37.0,5.7,77.5,7.8,289.7,79.91387,-24.09351,374.93
2022-07-17 15:00:00,2022,17,7,15,-37.0,5.6,79.4,7.4,300.3,79.91389,-24.09361,374.93
2022-07-17 16:00:00,2022,17,7,16,-37.0,5.267,81.1,7.3,310.0,79.91388,-24.09351,374.93
2022-07-17 17:00:00,2022,17,7,17,-37.0,5.467,81.2,8.3,301.6,79.91387,-24.09351,374.93
2022-07-17 18:00:00,2022,17,7,18,-37.0,4.833,85.4,8.6,305.6,79.91389,-24.09357,374.93
2022-07-17 19:00:00,2022,17,7,19,-36.0,4.65,90.0,7.8,305.2,79.91388,-24.09358,374.93
2022-07-17 20:00:00,2022,17,7,20,-36.0,4.483,92.4,7.7,309.6,79.91388,-24.09359,374.93
2022-07-17 21:00:00,2022,17,7,21,-36.0,4.217,94.1,5.2,329.3,79.91386,-24.09353,374.93
2022-07-17 22:00:00,2022,17,7,22,-35.0,3.25,96.5,2.7,309.2,79.91386,-24.09360,374.93
2022-07-17 23:00:00,2022,17,7,23,-35.0,3.067,98.2,3.1,302.2,79.91386,-24.09337,374.93
2022-07-18 00:00:00,2022,18,7,0,-34.0,3.117,99.1,3.8,317.2,79.91386,-24.09345,374.92
2022-07-18 01:00:00,2022,18,7,1,-34.0,2.867,99.3,3.8,305.2,79.91388,-24.09347,374.92
2022-07-18 02:00:00,2022,18,7,2,-34.0,2.917,98.2,4.2,301.1,79.91388,-24.09347,374.92
2022-07-18 03:00:00,2022,18,7,3,-34.0,2.867,98.4,4.0,301.1,79.91387,-24.09354,374.92
2022-07-18 04:00:00,2022,18,7,4,-34.0,2.733,97.3,4.1,301.8,79.91387,-24.09356,374.92
2022-07-18 05:00:00,2022,18,7,5,-33.0,2.517,97.3,3.9,299.8,79.91386,-24.09358,374.92
2022-07-18 06:00:00,2022,18,7,6,-33.0,2.733,97.3,4.6,303.1,79.91387,-24.09359,374.92
2022-07-18 07:00:00,2022,18,7,7,-33.0,2.933,96.5,5.7,299.4,79.91387,-24.09349,374.92
2022-07-18 08:00:00,2022,18,7,8,-33.0,3.417,94.2,6.1,309.9,79.91388,-24.09353,374.92
2022-07-18 09:00:00,2022,18,7,9,-33.0,3.233,94.9,6.4,304.6,79.91388,-24.09366,374.92
2022-07-18 10:00:00,2022,18,7,10,-33.0,3.167,94.8,6.5,307.7,79.91388,-24.09339,374.92
2022-07-18 11:00:00,2022,18,7,11,-33.0,3.533,93.8,6.9,318.9,79.91389,-24.09357,374.92
2022-07-18 12:00:00,2022,18,7,12,-33.0,3.5,94.6,6.9,327.9,79.91386,-24.09350,374.92
2022-07-18 13:00:00,2022,18,7,13,-33.0,3.7,95.1,7.4,323.3,79.91388,-24.09341,374.92
2022-07-18 14:00:00,2022,18,7,14,-34.0,3.667,94.0,8.1,309.8,79.91386,-24.09350,374.92
2022-07-18 15:00:00,2022,18,7,15,-34.0,3.467,95.0,8.0,314.9,79.91388,-24.09355,374.92
2022-07-18 16:00:00,2022,18,7,16,-34.0,3.417,96.1,8.6,318.6,79.91388,-24.09346,374.92
2022-07-18 17:00:00,2022,18,7,17,-34.0,3.283,96.6,8.5,314.7,79.91391,-24.09332,374.92
2022-07-18 18:00:00,2022,18,7,18,-34.0,3.067,98.3,8.2,310.7,79.91389,-24.09341,374.92
2022-07-18 19:00:00,2022,18,7,19,-34.0,3.133,99.7,8.1,314.1,79.91388,-24.09360,374.92
2022-07-18 20:00:00,2022,18,7,20,-34.0,3.55,97.9,8.4,315.0,79.91387,-24.09346,374.92
2022-07-18 21:00:00,2022,18,7,21,-34.0,3.733,98.3,9.4,315.0,79.91387,-24.09352,374.92
2022-07-18 22:00:00,2022,18,7,22,-34.0,3.85,97.4,9.8,323.6,79.91386,-24.09334,374.92
2022-07-18 23:00:00,2022,18,7,23,-34.0,3.817,97.6,8.9,327.0,79.91387,-24.09340,374.92
2022-07-19 00:00:00,2022,19,7,0,-34.0,3.7,97.6,7.5,320.1,79.91387,-24.09349,374.90
2022-07-19 01:00:00,2022,19,7,1,-33.0,3.367,98.6,6.5,321.9,79.91389,-24.09348,374.90
2022-07-19 02:00:00,2022,19,7,2,-33.0,2.833,99.9,5.0,325.9,79.91386,-24.09345,374.90
2022-07-19 03:00:00,2022,19,7,3,-33.0,2.3,99.8,4.1,311.4,79.91387,-24.09349,374.90
2022-07-19 04:00:00,2022,19,7,4,-33.0,2.417,99.2,4.1,307.3,79.91386,-24.09351,374.90
2022-07-19 05:00:00,2022,19,7,5,-33.0,2.617,97.0,4.8,303.2,79.91387,-24.09355,374.90
2022-07-19 06:00:00,2022,19,7,6,-33.0,2.767,94.3,4.4,318.8,79.91388,-24.09361,374.90
2022-07-19 07:00:00,2022,19,7,7,-33.0,2.517,96.9,5.5,323.3,79.91386,-24.09347,374.90
2022-07-19 08:00:00,2022,19,7,8,-32.0,2.7,97.9,6.1,344.1,79.91387,-24.09348,374.90
2022-07-19 09:00:00,2022,19,7,9,-31.0,2.217,98.8,4.6,331.5,79.91386,-24.09367,374.90
2022-07-19 10:00:00,2022,19,7,10,-31.0,1.95,99.1,4.2,321.4,79.91388,-24.09337,374.90
2022-07-19 11:00:00,2022,19,7,11,-30.0,1.783,99.7,4.1,328.1,79.91386,-24.09340,374.90
2022-07-19 12:00:00,2022,19,7,12,-30.0,2.283,97.6,3.5,328.6,79.91387,-24.09342,374.90
2022-07-19 13:00:00,2022,19,7,13,-30.0,3.033,95.6,2.1,311.7,79.91390,-24.09329,374.90
2022-07-19 14:00:00,2022,19,7,14,-29.0,3.667,93.6,0.6,278.0,79.91388,-24.09345,374.90
2022-07-19 15:00:00,2022,19,7,15,-29.0,2.617,96.9,2.3,325.5,79.91388,-24.09349,374.90
2022-07-19 16:00:00,2022,19,7,16,-29.0,2.9,97.6,1.9,10.8,79.91387,-24.09338,374.90
2022-07-19 17:00:00,2022,19,7,17,-28.0,2.567,96.3,1.8,37.7,79.91389,-24.09331,374.90
2022-07-19 18:00:00,2022,19,7,18,-28.0,2.433,97.6,1.8,326.5,79.91388,-24.09345,374.90
2022-07-19 19:00:00,2022,19,7,19,-28.0,2.133,95.7,2.4,296.1,79.91387,-24.09359,374.90
2022-07-19 20:00:00,2022,19,7,20,-28.0,2.367,98.9,1.4,325.0,79.91388,-24.09357,374.90
2022-07-19 21:00:00,2022,19,7,21,-29.0,1.65,99.1,3.2,295.9,79.91388,-24.09339,374.90
2022-07-19 22:00:00,2022,19,7,22,-28.0,2.017,95.6,3.4,302.4,79.91388,-24.09341,374.90
2022-07-19 23:00:00,2022,19,7,23,-29.0,1.967,96.2,3.3,306.5,79.91386,-24.09355,374.90
2022-07-20 00:00:00,2022,20,7,0,-29.0,1.967,97.4,3.0,306.9,79.91388,-24.09335,374.88
2022-07-20 01:00:00,2022,20,7,1,-29.0,2.0,97.5,2.8,299.6,79.91388,-24.09345,374.88
2022-07-20 02:00:00,2022,20,7,2,-29.0,2.033,96.9,2.4,294.5,79.91386,-24.09346,374.88
2022-07-20 03:00:00,2022,20,7,3,-30.0,1.917,96.4,2.6,286.3,79.91386,-24.09350,374.88
2022-07-20 04:00:00,2022,20,7,4,-30.0,1.933,96.6,2.8,281.4,79.91387,-24.09345,374.88
2022-07-20 05:00:00,2022,20,7,5,-30.0,1.983,95.6,2.6,278.4,79.91387,-24.09354,374.88
2022-07-20 06:00:00,2022,20,7,6,-31.0,2.2,94.2,2.1,271.7,79.91388,-24.09341,374.88
2022-07-20 07:00:00,2022,20,7,7,-31.0,2.767,92.2,1.6,252.4,79.91388,-24.09352,374.88
2022-07-20 08:00:00,2022,20,7,8,-31.0,2.733,91.5,1.7,251.0,79.91387,-24.09347,374.88
2022-07-20 09:00:00,2022,20,7,9,-31.0,2.6,90.7,2.0,234.0,79.91388,-24.09351,374.88
2022-07-20 10:00:00,2022,20,7,10,-32.0,2.833,90.0,2.6,210.7,79.91387,-24.09343,374.88
2022-07-20 11:00:00,2022,20,7,11,-32.0,2.45,95.4,4.5,196.7,79.91387,-24.09339,374.88
2022-07-20 12:00:00,2022,20,7,12,-32.0,2.317,94.8,6.2,168.3,79.91387,-24.09352,374.88
2022-07-20 13:00:00,2022,20,7,13,-32.0,1.967,93.9,6.6,174.6,79.91389,-24.09354,374.88
2022-07-20 14:00:00,2022,20,7,14,-33.0,1.7,94.7,7.4,176.8,79.91387,-24.09348,374.88
2022-07-20 15:00:00,2022,20,7,15,-33.0,1.317,94.8,7.7,176.7,79.91389,-24.09353,374.88
2022-07-20 16:00:00,2022,20,7,16,-33.0,1.1,95.0,7.5,164.7,79.91387,-24.09346,374.88
2022-07-20 17:00:00,2022,20,7,17,-33.0,0.95,95.6,8.1,172.5,79.91387,-24.09348,374.88
2022-07-20 18:00:00,2022,20,7,18,-33.0,0.55,97.7,7.9,177.9,79.91388,-24.09357,374.88
2022-07-20 19:00:00,2022,20,7,19,-33.0,-0.067,97.1,9.1,175.6,79.91387,-24.09357,374.88
2022-07-20 20:00:00,2022,20,7,20,-33.0,-0.05,95.8,8.9,173.8,79.91388,-24.09349,374.88
2022-07-20 21:00:00,2022,20,7,21,-33.0,-0.25,95.6,9.3,170.1,79.91385,-24.09350,374.88
2022-07-20 22:00:00,2022,20,7,22,-33.0,-0.25,96.2,9.6,171.8,79.91385,-24.09351,374.88
2022-07-20 23:00:00,2022,20,7,23,-33.0,-0.367,96.2,8.6,177.7,79.91387,-24.09353,374.88
2022-07-21 00:00:00,2022,21,7,0,-33.0,-0.5,94.9,9.4,168.0,79.91387,-24.09335,374.87
2022-07-21 01:00:00,2022,21,7,1,-33.0,-1.017,97.4,8.4,171.9,79.91387,-24.09360,374.87
2022-07-21 02:00:00,2022,21,7,2,-33.0,-1.15,98.6,7.6,176.5,79.91388,-24.09359,374.87
2022-07-21 03:00:00,2022,21,7,3,-33.0,-1.033,99.4,6.6,175.2,79.91385,-24.09363,374.87
2022-07-21 04:00:00,2022,21,7,4,-32.0,-0.983,98.9,6.1,176.0,79.91387,-24.09356,374.87
2022-07-21 05:00:00,2022,21,7,5,-32.0,-0.833,98.8,5.5,179.3,79.91386,-24.09359,374.87
2022-07-21 06:00:00,2022,21,7,6,-32.0,-0.45,97.5,5.4,182.5,79.91386,-24.09358,374.87
2022-07-21 07:00:00,2022,21,7,7,-32.0,0.033,96.3,4.9,192.8,79.91387,-24.09345,374.87
2022-07-21 08:00:00,2022,21,7,8,-32.0,0.383,94.6,4.4,200.8,79.91389,-24.09348,374.87
2022-07-21 09:00:00,2022,21,7,9,-32.0,1.117,92.5,3.8,205.9,79.91388,-24.09355,374.87
2022-07-21 10:00:00,2022,21,7,10,-32.0,2.033,89.2,3.0,216.6,79.91388,-24.09349,374.87
2022-07-21 11:00:00,2022,21,7,11,-31.0,3.7,83.9,1.3,218.9,79.91388,-24.09360,374.87
2022-07-21 12:00:00,2022,21,7,12,-31.0,4.267,83.3,1.3,297.3,79.91387,-24.09361,374.87
2022-07-21 13:00:00,2022,21,7,13,-32.0,5.117,79.4,1.4,326.9,79.91388,-24.09342,374.87
2022-07-21 14:00:00,2022,21,7,14,-32.0,5.65,71.7,3.1,325.3,79.91388,-24.09346,374.87
2022-07-21 15:00:00,2022,21,7,15,-32.0,6.233,70.7,2.7,344.6,79.91387,-24.09351,374.87
2022-07-21 16:00:00,2022,21,7,16,-32.0,6.017,69.8,3.5,325.9,79.91386,-24.09355,374.87
2022-07-21 17:00:00,2022,21,7,17,-32.0,5.767,71.0,5.2,293.2,79.91387,-24.09349,374.87
2022-07-21 18:00:00,2022,21,7,18,-32.0,5.433,72.7,5.8,290.3,79.91388,-24.09360,374.87
2022-07-21 19:00:00,2022,21,7,19,-32.0,5.7,71.3,5.1,306.3,79.91388,-24.09359,374.87
2022-07-21 20:00:00,2022,21,7,20,-32.0,5.233,73.4,4.4,319.8,79.91389,-24.09345,374.87
2022-07-21 21:00:00,2022,21,7,21,-32.0,5.967,70.6,4.5,313.6,79.91386,-24.09353,374.87
2022-07-21 22:00:00,2022,21,7,22,-32.0,5.417,72.6,4.6,314.6,79.91388,-24.09354,374.87
2022-07-21 23:00:00,2022,21,7,23,-32.0,5.65,71.8,5.6,298.6,79.91388,-24.09348,374.87
2022-07-22 00:00:00,2022,22,7,0,-32.0,5.933,70.0,4.1,335.3,79.91387,-24.09353,374.85
2022-07-22 01:00:00,2022,22,7,1,-32.0,5.4,71.5,3.9,333.5,79.91385,-24.09349,374.85
2022-07-22 02:00:00,2022,22,7,2,-32.0,5.333,70.5,6.9,285.2,79.91387,-24.09356,374.85
2022-07-22 03:00:00,2022,22,7,3,-32.0,5.25,70.5,6.7,284.0,79.91387,-24.09357,374.85
2022-07-22 04:00:00,2022,22,7,4,-32.0,5.067,70.8,7.1,288.0,79.91387,-24.09353,374.85
2022-07-22 05:00:00,2022,22,7,5,-32.0,4.967,71.4,5.3,300.6,79.91386,-24.09360,374.85
2022-07-22 06:00:00,2022,22,7,6,-32.0,5.283,70.0,6.1,300.9,79.91387,-24.09359,374.85
2022-07-22 07:00:00,2022,22,7,7,-32.0,5.217,70.4,5.8,297.6,79.91390,-24.09350,374.85
2022-07-22 08:00:00,2022,22,7,8,-32.0,5.033,71.1,6.3,296.4,79.91390,-24.09357,374.85
2022-07-22 09:00:00,2022,22,7,9,-32.0,5.017,71.3,6.1,288.2,79.91389,-24.09363,374.85
2022-07-22 10:00:00,2022,22,7,10,-32.0,5.083,71.4,6.2,288.6,79.91388,-24.09360,374.85
2022-07-22 11:00:00,2022,22,7,11,-32.0,4.9,72.5,5.9,286.7,79.91388,-24.09350,374.85
2022-07-22 12:00:00,2022,22,7,12,-32.0,4.967,72.5,6.1,285.0,79.91388,-24.09351,374.85
2022-07-22 13:00:00,2022,22,7,13,-32.0,4.883,73.0,5.8,286.3,79.91388,-24.09353,374.85
2022-07-22 14:00:00,2022,22,7,14,-32.0,4.183,77.0,5.6,275.6,79.91388,-24.09347,374.85
2022-07-22 15:00:00,2022,22,7,15,-33.0,3.617,80.6,6.2,269.4,79.91388,-24.09357,374.85
2022-07-22 16:00:00,2022,22,7,16,-33.0,3.7,80.3,6.9,268.9,79.91387,-24.09366,374.85
2022-07-22 17:00:00,2022,22,7,17,-33.0,3.933,79.2,7.3,268.6,79.91386,-24.09344,374.85
2022-07-22 18:00:00,2022,22,7,18,-34.0,3.817,80.2,7.9,270.1,79.91389,-24.09360,374.85
2022-07-22 19:00:00,2022,22,7,19,-34.0,3.783,80.3,7.7,265.0,79.91388,-24.09356,374.85
2022-07-22 20:00:00,2022,22,7,20,-34.0,4.5,76.4,6.8,266.5,79.91389,-24.09354,374.85
2022-07-22 21:00:00,2022,22,7,21,-34.0,4.817,74.4,5.7,261.5,79.91387,-24.09346,374.85
2022-07-22 22:00:00,2022,22,7,22,-34.0,4.367,76.6,6.2,266.2,79.91389,-24.09346,374.85
2022-07-22 23:00:00,2022,22,7,23,-34.0,4.15,77.7,5.9,268.3,79.91386,-24.09348,374.85
2022-07-23 00:00:00,2022,23,7,0,-34.0,3.967,78.5,5.7,269.1,79.91387,-24.09357,374.83
2022-07-23 01:00:00,2022,23,7,1,-34.0,3.95,78.2,5.3,268.5,79.91387,-24.09349,374.83
2022-07-23 02:00:00,2022,23,7,2,-34.0,3.733,79.1,5.1,265.5,79.91387,-24.09348,374.83
2022-07-23 03:00:00,2022,23,7,3,-34.0,3.567,80.2,5.5,267.8,79.91387,-24.09352,374.83
2022-07-23 04:00:00,2022,23,7,4,-34.0,3.45,80.7,5.5,264.4,79.91388,-24.09349,374.83
2022-07-23 05:00:00,2022,23,7,5,-33.0,3.867,78.6,5.1,269.1,79.91388,-24.09359,374.83
2022-07-23 06:00:00,2022,23,7,6,-33.0,4.367,76.6,4.3,268.7,79.91390,-24.09355,374.83
2022-07-23 07:00:00,2022,23,7,7,-33.0,3.483,81.2,5.2,265.1,79.91387,-24.09354,374.83
2022-07-23 08:00:00,2022,23,7,8,-33.0,3.9,78.8,4.2,275.5,79.91388,-24.09352,374.83
2022-07-23 09:00:00,2022,23,7,9,-33.0,4.783,74.2,4.2,286.6,79.91385,-24.09357,374.83
2022-07-23 10:00:00,2022,23,7,10,-32.0,5.233,73.0,5.1,293.6,79.91387,-24.09351,374.83
2022-07-23 11:00:00,2022,23,7,11,-32.0,5.083,75.7,6.3,291.1,79.91389,-24.09350,374.83
2022-07-23 12:00:00,2022,23,7,12,-32.0,5.267,75.5,6.8,291.4,79.91389,-24.09360,374.83
2022-07-23 13:00:00,2022,23,7,13,-32.0,5.367,75.5,7.6,286.2,79.91387,-24.09368,374.83
2022-07-23 14:00:00,2022,23,7,14,-32.0,5.35,75.3,8.1,286.5,79.91387,-24.09347,374.83
2022-07-23 15:00:00,2022,23,7,15,-32.0,5.583,74.3,8.0,286.1,79.91389,-24.09358,374.83
2022-07-23 16:00:00,2022,23,7,16,-32.0,5.9,73.2,9.2,295.1,79.91387,-24.09355,374.83
2022-07-23 17:00:00,2022,23,7,17,-32.0,5.867,73.4,9.3,288.7,79.91387,-24.09345,374.83
2022-07-23 18:00:00,2022,23,7,18,-32.0,5.95,73.1,9.3,293.2,79.91387,-24.09353,374.83
2022-07-23 19:00:00,2022,23,7,19,-32.0,5.833,72.5,8.9,292.5,79.91387,-24.09345,374.83
2022-07-23 20:00:00,2022,23,7,20,-31.0,6.1,69.5,9.3,295.6,79.91388,-24.09351,374.83
2022-07-23 21:00:00,2022,23,7,21,-31.0,5.917,70.5,10.0,294.4,79.91386,-24.09345,374.83
2022-07-23 22:00:00,2022,23,7,22,-31.0,5.483,73.1,8.5,296.7,79.91389,-24.09352,374.83
2022-07-23 23:00:00,2022,23,7,23,-31.0,5.567,73.5,7.8,296.0,79.91387,-24.09353,374.83
2022-07-24 00:00:00,2022,24,7,0,-31.0,5.317,75.3,7.6,297.4,79.91388,-24.09347,374.82
2022-07-24 01:00:00,2022,24,7,1,-30.0,5.467,75.5,7.4,292.7,79.91389,-24.09353,374.82
2022-07-24 02:00:00,2022,24,7,2,-30.0,5.317,76.2,6.9,295.4,79.91387,-24.09350,374.82
2022-07-24 03:00:00,2022,24,7,3,-30.0,5.05,76.9,6.4,297.3,79.91387,-24.09358,374.82
2022-07-24 04:00:00,2022,24,7,4,-30.0,4.717,77.7,5.1,295.7,79.91387,-24.09348,374.82
2022-07-24 05:00:00,2022,24,7,5,-30.0,4.6,78.3,5.6,292.7,79.91386,-24.09350,374.82
2022-07-24 06:00:00,2022,24,7,6,-30.0,4.367,79.2,5.9,291.7,79.91388,-24.09351,374.82
2022-07-24 07:00:00,2022,24,7,7,-30.0,4.15,82.0,5.6,289.9,79.91388,-24.09349,374.82
2022-07-24 08:00:00,2022,24,7,8,-30.0,4.6,80.3,5.9,300.5,79.91388,-24.09346,374.82
2022-07-24 09:00:00,2022,24,7,9,-29.0,4.4,80.2,6.2,300.3,79.91389,-24.09361,374.82
2022-07-24 10:00:00,2022,24,7,10,-29.0,4.3,81.7,6.7,301.8,79.91387,-24.09348,374.82
2022-07-24 11:00:00,2022,24,7,11,-29.0,4.167,82.4,7.0,311.8,79.91387,-24.09353,374.82
2022-07-24 12:00:00,2022,24,7,12,nan,4.15,82.5,6.6,303.2,79.91388,-24.09361,374.82
2022-07-24 13:00:00,2022,24,7,13,-29.0,4.25,81.5,5.2,299.9,79.91386,-24.09363,374.82
2022-07-24 14:00:00,2022,24,7,14,-30.0,4.35,81.5,6.0,295.4,79.91386,-24.09338,374.82
2022-07-24 15:00:00,2022,24,7,15,-30.0,4.133,83.0,5.7,288.2,79.91387,-24.09354,374.82
2022-07-24 16:00:00,2022,24,7,16,-30.0,4.167,83.6,6.1,290.4,79.91387,-24.09346,374.82
2022-07-24 17:00:00,2022,24,7,17,-30.0,4.233,82.7,6.0,289.2,79.91386,-24.09346,374.82
2022-07-24 18:00:00,2022,24,7,18,-30.0,4.1,83.4,5.9,294.7,79.91387,-24.09348,374.82
2022-07-24 19:00:00,2022,24,7,19,-30.0,4.183,84.2,6.5,293.8,79.91386,-24.09353,374.82
2022-07-24 20:00:00,2022,24,7,20,-30.0,4.467,83.2,6.4,291.6,79.91388,-24.09342,374.82
2022-07-24 21:00:00,2022,24,7,21,-30.0,4.633,81.0,6.5,289.6,79.91385,-24.09345,374.82
2022-07-24 22:00:00,2022,24,7,22,-30.0,4.517,81.2,6.0,288.6,79.91386,-24.09350,374.82
2022-07-24 23:00:00,2022,24,7,23,-30.0,4.8,80.5,4.6,305.0,79.91388,-24.09343,374.82
2022-07-25 00:00:00,2022,25,7,0,-30.0,4.9,80.8,3.2,321.7,79.91387,-24.09352,374.80
2022-07-25 01:00:00,2022,25,7,1,-29.0,4.9,80.8,3.7,314.8,79.91387,-24.09349,374.80
2022-07-25 02:00:00,2022,25,7,2,-29.0,4.9,80.3,2.9,327.7,79.91386,-24.09360,374.80
2022-07-25 03:00:00,2022,25,7,3,-30.0,4.417,81.7,2.8,323.0,79.91387,-24.09357,374.80
2022-07-25 04:00:00,2022,25,7,4,-30.0,4.65,80.2,3.1,317.7,79.91387,-24.09353,374.80
2022-07-25 05:00:00,2022,25,7,5,-30.0,4.283,81.8,3.5,310.8,79.91387,-24.09352,374.80
2022-07-25 06:00:00,2022,25,7,6,-30.0,4.167,82.5,4.0,307.6,79.91390,-24.09359,374.80
2022-07-25 07:00:00,2022,25,7,7,-30.0,4.317,81.7,4.9,295.5,79.91386,-24.09350,374.80
2022-07-25 08:00:00,2022,25,7,8,-30.0,4.017,82.7,5.0,298.2,79.91389,-24.09341,374.80
2022-07-25 09:00:00,2022,25,7,9,-30.0,3.967,83.5,4.6,296.6,79.91387,-24.09362,374.80
2022-07-25 10:00:00,2022,25,7,10,-30.0,4.317,81.7,5.6,297.5,79.91388,-24.09358,374.80
2022-07-25 11:00:00,2022,25,7,11,-30.0,4.25,80.5,5.2,295.8,79.91388,-24.09349,374.80
2022-07-25 12:00:00,2022,25,7,12,-30.0,4.133,77.8,4.8,293.2,79.91387,-24.09357,374.80
2022-07-25 13:00:00,2022,25,7,13,-30.0,4.367,76.3,4.9,301.3,79.91387,-24.09349,374.80
2022-07-25 14:00:00,2022,25,7,14,-31.0,4.567,76.0,5.9,299.4,79.91387,-24.09345,374.80
2022-07-25 15:00:00,2022,25,7,15,-31.0,4.35,76.0,5.7,300.1,79.91387,-24.09351,374.80
2022-07-25 16:00:00,2022,25,7,16,-31.0,4.4,74.7,6.0,308.7,79.91388,-24.09363,374.80
2022-07-25 17:00:00,2022,25,7,17,-31.0,4.6,73.5,5.9,302.2,79.91387,-24.09343,374.80
2022-07-25 18:00:00,2022,25,7,18,-31.0,4.433,73.6,5.5,301.4,79.91387,-24.09353,374.80
2022-07-25 19:00:00,2022,25,7,19,-31.0,4.45,73.7,5.3,297.6,79.91387,-24.09348,374.80
2022-07-25 20:00:00,2022,25,7,20,-31.0,4.333,74.1,5.3,295.8,79.91388,-24.09341,374.80
2022-07-25 21:00:00,2022,25,7,21,-31.0,4.433,73.0,4.4,294.7,79.91386,-24.09348,374.80
2022-07-25 22:00:00,2022,25,7,22,-31.0,4.517,72.5,4.1,299.7,79.91390,-24.09351,374.80
2022-07-25 23:00:00,2022,25,7,23,-31.0,4.383,73.2,3.1,311.8,79.91387,-24.09350,374.80
2022-07-26 00:00:00,2022,26,7,0,-32.0,4.35,74.1,2.9,306.8,79.91386,-24.09361,374.78
2022-07-26 01:00:00,2022,26,7,1,-32.0,3.483,79.2,3.9,297.8,79.91388,-24.09350,374.78
2022-07-26 02:00:00,2022,26,7,2,-32.0,4.233,77.0,3.8,303.4,79.91386,-24.09351,374.78
2022-07-26 03:00:00,2022,26,7,3,-33.0,4.183,76.9,3.4,320.0,79.91387,-24.09356,374.78
2022-07-26 04:00:00,2022,26,7,4,-33.0,3.517,80.5,2.9,325.8,79.91388,-24.09354,374.78
2022-07-26 05:00:00,2022,26,7,5,-33.0,3.367,81.9,3.2,305.4,79.91387,-24.09354,374.78
2022-07-26 06:00:00,2022,26,7,6,-33.0,4.0,79.1,4.0,303.2,79.91387,-24.09354,374.78
2022-07-26 07:00:00,2022,26,7,7,-33.0,3.933,79.5,3.4,303.6,79.91385,-24.09356,374.78
2022-07-26 08:00:00,2022,26,7,8,-33.0,3.383,82.6,3.5,308.8,79.91389,-24.09340,374.78
2022-07-26 09:00:00,2022,26,7,9,-33.0,3.55,81.7,4.3,309.5,79.91389,-24.09360,374.78
2022-07-26 10:00:00,2022,26,7,10,-33.0,3.567,81.5,5.0,303.8,79.91389,-24.09367,374.78
2022-07-26 11:00:00,2022,26,7,11,-33.0,3.733,79.4,5.3,306.6,79.91387,-24.09357,374.78
2022-07-26 12:00:00,2022,26,7,12,-33.0,3.7,78.2,5.5,314.3,79.91387,-24.09357,374.78
2022-07-26 13:00:00,2022,26,7,13,-33.0,3.7,80.3,5.4,310.7,79.91387,-24.09363,374.78
2022-07-26 14:00:00,2022,26,7,14,-33.0,3.2,84.3,5.0,302.7,79.91388,-24.09351,374.78
2022-07-26 15:00:00,2022,26,7,15,-33.0,3.383,83.9,4.6,291.9,79.91387,-24.09349,374.78
2022-07-26 16:00:00,2022,26,7,16,-33.0,3.267,85.2,4.6,290.4,79.91389,-24.09351,374.78
2022-07-26 17:00:00,2022,26,7,17,-34.0,3.217,86.9,4.5,301.0,79.91385,-24.09342,374.78
2022-07-26 18:00:00,2022,26,7,18,nan,,nan,nan,nan,79.91388,-24.09366,374.78
2022-07-26 19:00:00,2022,26,7,19,-33.0,2.75,89.6,4.0,300.5,nan,nan,374.78
2022-07-26 20:00:00,2022,26,7,20,-33.0,2.733,89.4,4.0,309.2,79.91388,-24.09342,374.78
2022-07-26 21:00:00,2022,26,7,21,-33.0,2.367,92.6,3.9,312.9,79.91386,-24.09349,374.78
2022-07-26 22:00:00,2022,26,7,22,-33.0,2.133,93.2,3.9,309.5,79.91384,-24.09344,374.78
2022-07-26 23:00:00,2022,26,7,23,-33.0,2.05,93.5,4.3,308.1,79.91387,-24.09355,374.78
2022-07-27 00:00:00,2022,27,7,0,-33.0,2.083,92.7,4.5,308.7,79.91385,-24.09347,374.77
2022-07-27 01:00:00,2022,27,7,1,-33.0,1.9,93.6,4.6,310.6,79.91387,-24.09357,374.77
2022-07-27 02:00:00,2022,27,7,2,-33.0,2.067,93.4,4.6,316.0,79.91386,-24.09352,374.77
2022-07-27 03:00:00,2022,27,7,3,-33.0,2.2,93.3,4.6,311.5,79.91387,-24.09362,374.77
2022-07-27 04:00:00,2022,27,7,4,-33.0,2.167,93.2,4.1,313.3,79.91389,-24.09343,374.77
2022-07-27 05:00:00,2022,27,7,5,-33.0,2.2,93.5,4.6,311.9,79.91386,-24.09350,374.77
2022-07-27 06:00:00,2022,27,7,6,-33.0,2.15,94.4,5.1,308.0,79.91387,-24.09358,374.77
2022-07-27 07:00:00,2022,27,7,7,-33.0,2.45,92.0,5.0,305.0,79.91386,-24.09345,374.77
2022-07-27 08:00:00,2022,27,7,8,-33.0,2.3,92.8,4.6,318.8,79.91388,-24.09342,374.77
2022-07-27 09:00:00,2022,27,7,9,-33.0,2.067,93.5,4.7,314.1,79.91388,-24.09358,374.77
2022-07-27 10:00:00,2022,27,7,10,-33.0,1.967,94.6,4.6,318.8,79.91388,-24.09356,374.77
2022-07-27 11:00:00,2022,27,7,11,-33.0,2.117,92.9,4.3,320.7,79.91388,-24.09360,374.77
2022-07-27 12:00:00,2022,27,7,12,-34.0,2.1,93.0,5.6,314.2,79.91387,-24.09359,374.77
2022-07-27 13:00:00,2022,27,7,13,-34.0,2.2,93.2,4.6,320.6,79.91388,-24.09352,374.77
2022-07-27 14:00:00,2022,27,7,14,-34.0,2.033,94.4,4.5,327.5,79.91388,-24.09349,374.77
2022-07-27 15:00:00,2022,27,7,15,-34.0,1.633,94.8,4.3,339.5,79.91388,-24.09345,374.77
2022-07-27 16:00:00,2022,27,7,16,-34.0,2.0,92.4,3.8,334.6,79.91389,-24.09349,374.77
2022-07-27 17:00:00,2022,27,7,17,-35.0,1.833,92.4,5.8,327.7,79.91385,-24.09343,374.77
2022-07-27 18:00:00,2022,27,7,18,-35.0,2.0,92.4,5.2,320.8,79.91388,-24.09357,374.77
2022-07-27 19:00:00,2022,27,7,19,-35.0,2.15,93.0,5.9,312.5,79.91387,-24.09359,374.77
2022-07-27 20:00:00,2022,27,7,20,-35.0,2.017,92.7,5.2,323.5,79.91388,-24.09341,374.77
2022-07-27 21:00:00,2022,27,7,21,-35.0,2.2,91.5,4.6,327.0,79.91387,-24.09360,374.77
2022-07-27 22:00:00,2022,27,7,22,-35.0,1.717,92.8,4.2,339.5,79.91387,-24.09355,374.77
2022-07-27 23:00:00,2022,27,7,23,-36.0,1.283,95.1,4.5,335.3,79.91387,-24.09356,374.77
2022-07-28 00:00:00,2022,28,7,0,-36.0,1.05,95.3,4.2,326.4,79.91385,-24.09352,374.75
2022-07-28 01:00:00,2022,28,7,1,-36.0,1.0,95.1,3.8,319.4,79.91388,-24.09351,374.75
2022-07-28 02:00:00,2022,28,7,2,-36.0,1.167,94.2,4.4,328.1,79.91387,-24.09346,374.75
2022-07-28 03:00:00,2022,28,7,3,-36.0,1.167,94.2,5.0,333.4,79.91387,-24.09353,374.75
2022-07-28 04:00:00,2022,28,7,4,-37.0,1.05,93.9,5.4,340.1,79.91386,-24.09349,374.75
2022-07-28 05:00:00,2022,28,7,5,-37.0,0.933,94.8,5.9,337.2,79.91387,-24.09342,374.75
2022-07-28 06:00:00,2022,28,7,6,-37.0,0.85,95.5,6.0,335.8,79.91386,-24.09343,374.75
2022-07-28 07:00:00,2022,28,7,7,-37.0,0.483,97.5,5.8,340.2,79.91387,-24.09351,374.75
2022-07-28 08:00:00,2022,28,7,8,-37.0,0.517,97.3,6.2,334.7,79.91388,-24.09338,374.75
2022-07-28 09:00:00,2022,28,7,9,-37.0,0.617,97.5,5.7,342.4,79.91389,-24.09360,374.75
2022-07-28 10:00:00,2022,28,7,10,-37.0,1.033,96.5,6.0,334.9,79.91391,-24.09357,374.75
2022-07-28 11:00:00,2022,28,7,11,-38.0,1.617,93.7,7.1,334.7,79.91388,-24.09353,374.75
2022-07-28 12:00:00,2022,28,7,12,-37.0,0.95,96.4,6.7,336.2,79.91387,-24.09345,374.75
2022-07-28 13:00:00,2022,28,7,13,-37.0,1.25,94.9,7.1,336.5,79.91387,-24.09347,374.75
2022-07-28 14:00:00,2022,28,7,14,-37.0,1.267,95.5,5.8,339.7,79.91386,-24.09346,374.75
2022-07-28 15:00:00,2022,28,7,15,-37.0,1.383,94.7,5.2,326.5,79.91386,-24.09342,374.75
2022-07-28 16:00:00,2022,28,7,16,-38.0,1.8,93.2,4.8,325.1,79.91388,-24.09344,374.75
2022-07-28 17:00:00,2022,28,7,17,-38.0,1.983,92.5,4.6,316.0,79.91385,-24.09336,374.75
2022-07-28 18:00:00,2022,28,7,18,-38.0,2.25,91.1,4.9,317.6,79.91388,-24.09348,374.75
2022-07-28 19:00:00,2022,28,7,19,-38.0,2.3,91.0,4.6,319.5,79.91390,-24.09343,374.75
2022-07-28 20:00:00,2022,28,7,20,-38.0,2.267,91.6,3.4,323.7,79.91389,-24.09340,374.75
2022-07-28 21:00:00,2022,28,7,21,-38.0,2.367,90.8,3.4,309.1,79.91391,-24.09342,374.75
2022-07-28 22:00:00,2022,28,7,22,-38.0,2.583,90.0,4.8,315.3,79.91390,-24.09347,374.75
2022-07-28 23:00:00,2022,28,7,23,-38.0,2.433,90.8,4.1,320.7,79.91387,-24.09345,374.75
2022-07-29 00:00:00,2022,29,7,0,-38.0,2.133,92.1,3.4,319.0,79.91387,-24.09351,374.73
2022-07-29 01:00:00,2022,29,7,1,-38.0,2.067,93.3,3.9,329.7,79.91386,-24.09345,374.73
2022-07-29 02:00:00,2022,29,7,2,-38.0,1.767,95.8,3.6,331.1,79.91387,-24.09351,374.73
2022-07-29 03:00:00,2022,29,7,3,-38.0,1.967,95.3,3.0,312.5,79.91389,-24.09364,374.73
2022-07-29 04:00:00,2022,29,7,4,-39.0,1.917,95.7,2.2,339.7,79.91388,-24.09347,374.73
2022-07-29 05:00:00,2022,29,7,5,-39.0,1.567,97.3,1.9,337.2,79.91387,-24.09334,374.73
2022-07-29 06:00:00,2022,29,7,6,-39.0,1.917,96.3,1.8,272.2,79.91384,-24.09343,374.73
2022-07-29 07:00:00,2022,29,7,7,-39.0,2.35,94.2,2.4,283.8,79.91387,-24.09353,374.73
2022-07-29 08:00:00,2022,29,7,8,-39.0,2.4,93.9,3.1,290.0,79.91389,-24.09347,374.73
2022-07-29 09:00:00,2022,29,7,9,-39.0,2.533,92.7,1.8,285.0,79.91389,-24.09355,374.73
2022-07-29 10:00:00,2022,29,7,10,-39.0,2.55,93.6,2.4,295.8,79.91388,-24.09357,374.73
2022-07-29 11:00:00,2022,29,7,11,-38.0,3.617,91.1,1.4,264.8,79.91389,-24.09358,374.73
2022-07-29 12:00:00,2022,29,7,12,-39.0,3.1,92.0,2.1,274.4,79.91389,-24.09351,374.73
2022-07-29 13:00:00,2022,29,7,13,-39.0,2.6,92.2,2.4,272.6,79.91388,-24.09355,374.73
2022-07-29 14:00:00,2022,29,7,14,-39.0,2.783,90.7,2.7,269.3,79.91387,-24.09342,374.73
2022-07-29 15:00:00,2022,29,7,15,-39.0,2.733,90.6,3.0,267.8,79.91388,-24.09343,374.73
2022-07-29 16:00:00,2022,29,7,16,-39.0,3.067,90.5,3.0,258.4,79.91388,-24.09348,374.73
2022-07-29 17:00:00,2022,29,7,17,-39.0,3.333,89.8,2.9,240.9,79.91386,-24.09347,374.73
2022-07-29 18:00:00,2022,29,7,18,-39.0,3.033,91.0,3.1,230.5,79.91387,-24.09358,374.73
2022-07-29 19:00:00,2022,29,7,19,-39.0,2.85,92.1,3.3,235.5,79.91388,-24.09346,374.73
2022-07-29 20:00:00,2022,29,7,20,-39.0,2.683,93.8,3.4,220.4,79.91388,-24.09339,374.73
2022-07-29 21:00:00,2022,29,7,21,-39.0,2.55,93.7,3.3,214.4,79.91388,-24.09351,374.73
2022-07-29 22:00:00,2022,29,7,22,-39.0,2.367,94.1,3.1,218.8,79.91388,-24.09350,374.73
2022-07-29 23:00:00,2022,29,7,23,-39.0,2.183,95.3,3.0,209.5,79.91387,-24.09352,374.73
2022-07-30 00:00:00,2022,30,7,0,-39.0,1.95,95.9,3.5,214.0,79.91387,-24.09354,374.72
2022-07-30 01:00:00,2022,30,7,1,-39.0,1.767,96.8,3.8,213.8,79.91388,-24.09348,374.72
2022-07-30 02:00:00,2022,30,7,2,-39.0,1.8,97.0,3.4,193.5,79.91386,-24.09343,374.72
2022-07-30 03:00:00,2022,30,7,3,-39.0,1.533,98.2,3.6,207.2,79.91386,-24.09360,374.72
2022-07-30 04:00:00,2022,30,7,4,-39.0,1.467,98.4,3.5,204.4,79.91389,-24.09350,374.72
2022-07-30 05:00:00,2022,30,7,5,-39.0,1.517,98.1,3.2,201.9,79.91386,-24.09353,374.72
2022-07-30 06:00:00,2022,30,7,6,-39.0,1.333,99.1,3.4,206.7,79.91386,-24.09355,374.72
2022-07-30 07:00:00,2022,30,7,7,-38.0,1.617,99.3,3.3,201.1,79.91387,-24.09353,374.72
2022-07-30 08:00:00,2022,30,7,8,-38.0,1.85,96.4,3.3,200.8,79.91388,-24.09353,374.72
2022-07-30 09:00:00,2022,30,7,9,-38.0,2.0,93.6,3.5,211.4,79.91390,-24.09362,374.72
2022-07-30 10:00:00,2022,30,7,10,-38.0,2.533,91.8,3.0,199.7,79.91388,-24.09355,374.72
2022-07-30 11:00:00,2022,30,7,11,-37.0,2.567,93.4,3.4,185.7,79.91389,-24.09353,374.72
2022-07-30 12:00:00,2022,30,7,12,-37.0,2.083,94.0,3.7,209.2,79.91388,-24.09353,374.72
2022-07-30 13:00:00,2022,30,7,13,-37.0,2.1,92.5,3.4,215.3,79.91386,-24.09342,374.72
2022-07-30 14:00:00,2022,30,7,14,-37.0,2.3,91.9,3.2,210.4,79.91386,-24.09343,374.72
2022-07-30 15:00:00,2022,30,7,15,-37.0,2.383,91.3,3.9,216.9,79.91387,-24.09356,374.72
2022-07-30 16:00:00,2022,30,7,16,-36.0,2.7,90.0,3.5,221.0,79.91387,-24.09351,374.72
2022-07-30 17:00:00,2022,30,7,17,-36.0,2.617,90.2,3.7,228.0,79.91387,-24.09341,374.72
2022-07-30 18:00:00,2022,30,7,18,-35.0,2.767,88.4,3.3,230.2,79.91387,-24.09347,374.72
2022-07-30 19:00:00,2022,30,7,19,-35.0,2.633,88.6,3.1,232.0,79.91388,-24.09351,374.72
2022-07-30 20:00:00,2022,30,7,20,-35.0,3.05,87.0,3.2,208.5,79.91388,-24.09355,374.72
2022-07-30 21:00:00,2022,30,7,21,-34.0,2.8,89.0,3.4,204.6,79.91389,-24.09350,374.72
2022-07-30 22:00:00,2022,30,7,22,-34.0,2.9,87.6,2.6,205.3,79.91387,-24.09358,374.72
2022-07-30 23:00:00,2022,30,7,23,-33.0,2.7,88.8,2.7,218.2,79.91387,-24.09352,374.72
2022-07-31 00:00:00,2022,31,7,0,-33.0,2.367,88.5,2.3,271.1,79.91386,-24.09345,374.70
2022-07-31 01:00:00,2022,31,7,1,-33.0,2.25,89.5,2.3,301.1,79.91387,-24.09340,374.70
2022-07-31 02:00:00,2022,31,7,2,-32.0,1.817,90.6,2.4,296.0,79.91386,-24.09352,374.70
2022-07-31 03:00:00,2022,31,7,3,-32.0,2.1,88.9,2.4,301.9,79.91387,-24.09362,374.70
2022-07-31 04:00:00,2022,31,7,4,-31.0,2.15,88.6,2.5,302.6,79.91387,-24.09355,374.70
2022-07-31 05:00:00,2022,31,7,5,-31.0,2.133,89.6,2.4,308.6,79.91386,-24.09339,374.70
2022-07-31 06:00:00,2022,31,7,6,-31.0,2.15,89.5,2.5,301.5,79.91389,-24.09356,374.70
2022-07-31 07:00:00,2022,31,7,7,-30.0,2.783,87.8,2.5,295.3,79.91386,-24.09360,374.70
2022-07-31 08:00:00,2022,31,7,8,-30.0,3.933,83.8,2.3,290.5,79.91386,-24.09358,374.70
2022-07-31 09:00:00,2022,31,7,9,-29.0,2.883,86.4,3.0,285.0,79.91387,-24.09351,374.70
2022-07-31 10:00:00,2022,31,7,10,-29.0,3.167,83.8,3.1,285.9,79.91387,-24.09358,374.70
2022-07-31 11:00:00,2022,31,7,11,-29.0,2.983,84.2,3.5,288.4,79.91387,-24.09354,374.70
2022-07-31 12:00:00,2022,31,7,12,-29.0,3.033,83.7,3.8,289.6,79.91390,-24.09356,374.70
2022-07-31 13:00:00,2022,31,7,13,-29.0,3.217,82.4,3.9,292.0,79.91388,-24.09352,374.70
2022-07-31 14:00:00,2022,31,7,14,-29.0,3.133,82.7,3.8,287.9,79.91387,-24.09355,374.70
2022-07-31 15:00:00,2022,31,7,15,-29.0,3.0,83.6,3.9,285.0,79.91386,-24.09351,374.70
2022-07-31 16:00:00,2022,31,7,16,-29.0,2.867,84.7,3.8,282.5,79.91388,-24.09346,374.70
2022-07-31 17:00:00,2022,31,7,17,-29.0,2.683,85.1,4.4,278.7,79.91387,-24.09347,374.70
2022-07-31 18:00:00,2022,31,7,18,-29.0,2.7,84.9,4.4,279.2,79.91387,-24.09352,374.70
2022-07-31 19:00:00,2022,31,7,19,-29.0,2.717,84.4,4.4,282.0,79.91389,-24.09353,374.70
2022-07-31 20:00:00,2022,31,7,20,-28.0,2.717,84.3,4.9,276.4,79.91387,-24.09356,374.70
2022-07-31 21:00:00,2022,31,7,21,-28.0,2.717,83.5,5.4,275.1,79.91388,-24.09352,374.70
2022-07-31 22:00:00,2022,31,7,22,-28.0,2.767,82.8,5.3,275.9,79.91387,-24.09353,374.70
2022-07-31 23:00:00,2022,31,7,23,-28.0,2.917,81.9,4.4,276.5,79.91387,-24.09359,374.70
2022-08-01 00:00:00,2022,1,8,0,-28.0,2.683,82.8,3.7,270.4,79.91385,-24.09352,374.68
2022-08-01 01:00:00,2022,1,8,1,-28.0,2.233,84.1,3.5,274.2,79.91386,-24.09349,374.68
2022-08-01 02:00:00,2022,1,8,2,-28.0,2.167,84.7,3.2,265.2,79.91386,-24.09338,374.68
2022-08-01 03:00:00,2022,1,8,3,-28.0,1.883,85.7,3.0,274.3,79.91386,-24.09356,374.68
2022-08-01 04:00:00,2022,1,8,4,-28.0,1.833,85.1,2.8,266.0,79.91388,-24.09352,374.68
2022-08-01 05:00:00,2022,1,8,5,-28.0,2.017,85.2,3.1,272.0,79.91386,-24.09346,374.68
2022-08-01 06:00:00,2022,1,8,6,-28.0,2.4,83.9,3.0,268.1,79.91388,-24.09353,374.68
2022-08-01 07:00:00,2022,1,8,7,-28.0,2.433,84.9,3.0,271.2,79.91387,-24.09355,374.68
2022-08-01 08:00:00,2022,1,8,8,-28.0,2.45,85.8,3.4,271.4,79.91386,-24.09358,374.68
2022-08-01 09:00:00,2022,1,8,9,-28.0,2.483,86.5,3.7,276.8,79.91388,-24.09354,374.68
2022-08-01 10:00:00,2022,1,8,10,-28.0,2.5,87.3,3.5,277.0,79.91389,-24.09357,374.68
2022-08-01 11:00:00,2022,1,8,11,-28.0,2.833,86.1,3.7,273.9,79.91388,-24.09377,374.68
2022-08-01 12:00:00,2022,1,8,12,-28.0,2.667,86.2,4.4,277.4,79.91388,-24.09359,374.68
2022-08-01 13:00:00,2022,1,8,13,-28.0,3.033,84.6,4.3,274.2,79.91387,-24.09346,374.68
2022-08-01 14:00:00,2022,1,8,14,-29.0,3.467,82.0,4.3,265.8,79.91387,-24.09357,374.68
2022-08-01 15:00:00,2022,1,8,15,-29.0,3.6,80.7,4.1,267.5,79.91389,-24.09346,374.68
2022-08-01 16:00:00,2022,1,8,16,-29.0,3.317,81.6,4.0,273.8,79.91388,-24.09353,374.68
2022-08-01 17:00:00,2022,1,8,17,-29.0,3.45,81.0,3.9,267.2,79.91388,-24.09353,374.68
2022-08-01 18:00:00,2022,1,8,18,-30.0,3.833,78.3,3.4,261.4,79.91387,-24.09345,374.68
2022-08-01 19:00:00,2022,1,8,19,-30.0,4.0,77.5,3.8,241.9,79.91388,-24.09357,374.68
2022-08-01 20:00:00,2022,1,8,20,-30.0,4.0,78.2,4.1,231.4,79.91386,-24.09363,374.68
2022-08-01 21:00:00,2022,1,8,21,-30.0,3.6,80.1,3.9,228.6,79.91388,-24.09356,374.68
2022-08-01 22:00:00,2022,1,8,22,-30.0,3.5,80.6,4.1,226.8,79.91386,-24.09341,374.68
2022-08-01 23:00:00,2022,1,8,23,-30.0,2.933,80.9,3.9,227.8,79.91387,-24.09351,374.68
2022-08-02 00:00:00,2022,2,8,0,-31.0,2.65,82.5,3.8,224.8,79.91387,-24.09348,374.67
2022-08-02 01:00:00,2022,2,8,1,-31.0,2.2,83.7,3.5,222.0,79.91388,-24.09348,374.67
2022-08-02 02:00:00,2022,2,8,2,-31.0,1.7,85.0,3.3,228.5,79.91385,-24.09346,374.67
2022-08-02 03:00:00,2022,2,8,3,-31.0,1.633,86.2,3.4,214.5,79.91386,-24.09358,374.67
2022-08-02 04:00:00,2022,2,8,4,-31.0,1.633,85.9,3.0,227.1,79.91386,-24.09355,374.67
2022-08-02 05:00:00,2022,2,8,5,-32.0,1.517,86.8,3.1,225.7,79.91386,-24.09346,374.67
2022-08-02 06:00:00,2022,2,8,6,-32.0,1.633,83.1,3.1,227.9,79.91386,-24.09355,374.67
2022-08-02 07:00:00,2022,2,8,7,-32.0,2.05,80.1,1.9,240.0,79.91388,-24.09361,374.67
2022-08-02 08:00:00,2022,2,8,8,-32.0,2.467,77.0,2.5,246.3,79.91388,-24.09358,374.67
2022-08-02 09:00:00,2022,2,8,9,-32.0,2.567,77.0,2.4,258.6,79.91389,-24.09341,374.67
2022-08-02 10:00:00,2022,2,8,10,-32.0,2.467,79.7,2.5,264.9,79.91389,-24.09357,374.67
2022-08-02 11:00:00,2022,2,8,11,-32.0,2.433,81.3,2.9,268.8,79.91387,-24.09363,374.67
2022-08-02 12:00:00,2022,2,8,12,-32.0,2.45,81.8,3.1,273.8,79.91387,-24.09347,374.67
2022-08-02 13:00:00,2022,2,8,13,-32.0,2.5,81.8,3.1,275.6,79.91387,-24.09348,374.67
2022-08-02 14:00:00,2022,2,8,14,-32.0,2.867,77.5,3.2,277.9,79.91387,-24.09353,374.67
2022-08-02 15:00:00,2022,2,8,15,-32.0,2.767,80.0,3.5,275.9,79.91388,-24.09350,374.67
2022-08-02 16:00:00,2022,2,8,16,-32.0,2.633,83.1,4.0,278.5,79.91388,-24.09348,374.67
2022-08-02 17:00:00,2022,2,8,17,-32.0,2.9,80.7,3.6,281.1,79.91388,-24.09365,374.67
2022-08-02 18:00:00,2022,2,8,18,-32.0,2.917,79.8,3.4,280.8,79.91387,-24.09360,374.67
2022-08-02 19:00:00,2022,2,8,19,-32.0,2.95,79.3,3.5,286.2,79.91388,-24.09354,374.67
2022-08-02 20:00:00,2022,2,8,20,-31.0,3.3,76.5,3.6,295.3,79.91386,-24.09366,374.67
2022-08-02 21:00:00,2022,2,8,21,-31.0,3.267,76.7,3.9,298.4,79.91388,-24.09351,374.67
2022-08-02 22:00:00,2022,2,8,22,-31.0,3.183,76.0,4.1,299.7,79.91387,-24.09348,374.67
2022-08-02 23:00:00,2022,2,8,23,-31.0,3.217,75.8,4.8,298.6,79.91387,-24.09350,374.67
2022-08-03 00:00:00,2022,3,8,0,-31.0,3.2,75.6,4.0,310.1,79.91386,-24.09355,374.65
2022-08-03 01:00:00,2022,3,8,1,-31.0,3.317,75.6,4.5,309.0,79.91387,-24.09351,374.65
2022-08-03 02:00:00,2022,3,8,2,-30.0,3.333,76.0,4.8,308.5,79.91385,-24.09345,374.65
2022-08-03 03:00:00,2022,3,8,3,-30.0,3.6,74.7,5.2,308.3,79.91385,-24.09354,374.65
2022-08-03 04:00:00,2022,3,8,4,-30.0,3.8,73.9,5.7,301.7,79.91387,-24.09353,374.65
2022-08-03 05:00:00,2022,3,8,5,-30.0,3.983,73.0,6.2,307.7,79.91387,-24.09349,374.65
2022-08-03 06:00:00,2022,3,8,6,-30.0,4.067,73.0,6.7,304.5,79.91387,-24.09349,374.65
2022-08-03 07:00:00,2022,3,8,7,-30.0,4.133,73.5,6.6,306.6,79.91388,-24.09361,374.65
2022-08-03 08:00:00,2022,3,8,8,-29.0,4.317,73.1,6.4,305.0,79.91388,-24.09364,374.65
2022-08-03 09:00:00,2022,3,8,9,-29.0,4.433,73.1,6.1,313.9,79.91388,-24.09352,374.65
2022-08-03 10:00:00,2022,3,8,10,-29.0,4.283,74.5,6.3,314.8,79.91389,-24.09354,374.65
2022-08-03 11:00:00,2022,3,8,11,-29.0,4.317,75.4,6.2,309.5,79.91388,-24.09351,374.65
2022-08-03 12:00:00,2022,3,8,12,-29.0,4.45,74.8,6.8,307.7,79.91388,-24.09350,374.65
2022-08-03 13:00:00,2022,3,8,13,-29.0,4.217,74.8,6.5,303.0,79.91388,-24.09342,374.65
2022-08-03 14:00:00,2022,3,8,14,-29.0,4.4,74.5,6.4,302.8,79.91387,-24.09357,374.65
2022-08-03 15:00:00,2022,3,8,15,-29.0,4.367,75.5,6.1,301.5,79.91385,-24.09353,374.65
2022-08-03 16:00:00,2022,3,8,16,-29.0,4.25,75.9,5.9,300.1,79.91387,-24.09349,374.65
2022-08-03 17:00:00,2022,3,8,17,-29.0,4.367,75.6,5.5,295.7,79.91388,-24.09349,374.65
2022-08-03 18:00:00,2022,3,8,18,-29.0,4.2,76.9,5.3,296.6,79.91386,-24.09357,374.65
2022-08-03 19:00:00,2022,3,8,19,-29.0,3.8,79.4,5.2,287.4,79.91387,-24.09351,374.65
2022-08-03 20:00:00,2022,3,8,20,-29.0,3.683,80.3,4.9,289.2,79.91386,-24.09369,374.65
2022-08-03 21:00:00,2022,3,8,21,-29.0,3.133,82.7,5.2,285.4,79.91386,-24.09347,374.65
2022-08-03 22:00:00,2022,3,8,22,-30.0,3.0,83.5,5.1,278.5,79.91387,-24.09348,374.65
2022-08-03 23:00:00,2022,3,8,23,-30.0,2.65,84.0,5.6,279.3,79.91387,-24.09348,374.65
2022-08-04 00:00:00,2022,4,8,0,-30.0,2.383,84.0,5.8,281.2,79.91387,-24.09348,374.63
2022-08-04 01:00:00,2022,4,8,1,-30.0,2.317,83.3,5.6,278.7,79.91386,-24.09352,374.63
2022-08-04 02:00:00,2022,4,8,2,-31.0,2.133,83.4,5.4,277.5,79.91385,-24.09350,374.63
2022-08-04 03:00:00,2022,4,8,3,-31.0,2.167,82.0,5.5,276.3,79.91386,-24.09354,374.63
2022-08-04 04:00:00,2022,4,8,4,-32.0,1.867,81.9,5.3,283.1,79.91388,-24.09360,374.63
2022-08-04 05:00:00,2022,4,8,5,-32.0,1.95,81.5,5.0,278.2,79.91387,-24.09370,374.63
2022-08-04 06:00:00,2022,4,8,6,-32.0,2.3,79.8,4.9,276.2,79.91388,-24.09348,374.63
2022-08-04 07:00:00,2022,4,8,7,-33.0,2.367,80.3,4.9,276.0,79.91388,-24.09364,374.63
2022-08-04 08:00:00,2022,4,8,8,-33.0,2.417,80.7,5.0,278.6,79.91388,-24.09361,374.63
2022-08-04 09:00:00,2022,4,8,9,-33.0,2.483,81.4,4.9,278.8,79.91387,-24.09351,374.63
2022-08-04 10:00:00,2022,4,8,10,-34.0,2.7,81.4,4.8,273.6,79.91389,-24.09351,374.63
2022-08-04 11:00:00,2022,4,8,11,-34.0,2.783,82.1,4.5,280.7,79.91388,-24.09351,374.63
2022-08-04 12:00:00,2022,4,8,12,-35.0,3.1,81.6,4.3,276.0,79.91388,-24.09351,374.63
2022-08-04 13:00:00,2022,4,8,13,-35.0,3.4,80.7,4.2,273.1,79.91388,-24.09346,374.63
2022-08-04 14:00:00,2022,4,8,14,-36.0,3.917,78.6,4.3,258.1,79.91388,-24.09352,374.63
2022-08-04 15:00:00,2022,4,8,15,-37.0,4.083,74.9,4.7,248.3,79.91384,-24.09342,374.63
2022-08-04 16:00:00,2022,4,8,16,-37.0,3.683,76.1,4.5,241.6,79.91385,-24.09345,374.63
2022-08-04 17:00:00,2022,4,8,17,-37.0,3.683,74.5,4.8,234.8,79.91388,-24.09347,374.63
2022-08-04 18:00:00,2022,4,8,18,-38.0,3.5,72.4,4.5,237.3,79.91387,-24.09353,374.63
2022-08-04 19:00:00,2022,4,8,19,-38.0,3.4,71.3,4.3,234.5,79.91387,-24.09351,374.63
2022-08-04 20:00:00,2022,4,8,20,-38.0,2.9,75.2,4.0,227.8,79.91386,-24.09356,374.63
2022-08-04 21:00:00,2022,4,8,21,-38.0,2.633,75.8,3.4,229.5,79.91387,-24.09357,374.63
2022-08-04 22:00:00,2022,4,8,22,-39.0,2.633,75.9,3.2,224.4,79.91389,-24.09347,374.63
2022-08-04 23:00:00,2022,4,8,23,-39.0,2.217,77.2,3.2,229.2,79.91389,-24.09343,374.63
2022-08-05 00:00:00,2022,5,8,0,-39.0,1.7,79.5,3.5,242.2,79.91389,-24.09346,374.62
2022-08-05 01:00:00,2022,5,8,1,-39.0,1.533,80.6,3.2,246.9,79.91387,-24.09348,374.62
2022-08-05 02:00:00,2022,5,8,2,-40.0,1.4,82.1,4.0,243.4,79.91386,-24.09355,374.62
2022-08-05 03:00:00,2022,5,8,3,-40.0,1.267,83.3,3.1,242.4,79.91388,-24.09351,374.62
2022-08-05 04:00:00,2022,5,8,4,-40.0,1.317,83.8,3.0,239.6,79.91388,-24.09354,374.62
2022-08-05 05:00:00,2022,5,8,5,-40.0,1.717,83.2,2.2,243.5,79.91387,-24.09354,374.62
2022-08-05 06:00:00,2022,5,8,6,-39.0,1.817,84.5,2.2,261.0,79.91387,-24.09353,374.62
2022-08-05 07:00:00,2022,5,8,7,-39.0,1.933,85.9,2.1,273.4,79.91389,-24.09359,374.62
2022-08-05 08:00:00,2022,5,8,8,-39.0,2.25,85.7,1.2,290.9,79.91389,-24.09360,374.62
2022-08-05 09:00:00,2022,5,8,9,-39.0,1.933,87.4,2.1,295.6,79.91389,-24.09341,374.62
2022-08-05 10:00:00,2022,5,8,10,-39.0,2.9,81.8,1.8,279.2,79.91390,-24.09355,374.62
2022-08-05 11:00:00,2022,5,8,11,-39.0,2.25,85.9,2.3,296.9,79.91388,-24.09356,374.62
2022-08-05 12:00:00,2022,5,8,12,-39.0,2.5,85.1,2.8,286.3,79.91388,-24.09348,374.62
2022-08-05 13:00:00,2022,5,8,13,-39.0,2.683,84.7,2.8,285.6,79.91387,-24.09355,374.62
2022-08-05 14:00:00,2022,5,8,14,-39.0,2.533,85.8,3.3,285.2,79.91387,-24.09351,374.62
2022-08-05 15:00:00,2022,5,8,15,-39.0,2.717,84.6,4.1,284.7,79.91387,-24.09350,374.62
2022-08-05 16:00:00,2022,5,8,16,-39.0,2.767,83.6,4.4,282.7,79.91388,-24.09346,374.62
2022-08-05 17:00:00,2022,5,8,17,-39.0,2.733,82.4,4.6,287.6,79.91388,-24.09368,374.62
2022-08-05 18:00:00,2022,5,8,18,-39.0,2.8,79.9,4.9,288.2,79.91387,-24.09362,374.62
2022-08-05 19:00:00,2022,5,8,19,-39.0,2.483,81.1,5.3,286.9,79.91387,-24.09356,374.62
2022-08-05 20:00:00,2022,5,8,20,-39.0,2.683,80.4,5.1,289.0,79.91386,-24.09347,374.62
2022-08-05 21:00:00,2022,5,8,21,-39.0,2.617,80.5,4.8,290.4,79.91389,-24.09353,374.62
2022-08-05 22:00:00,2022,5,8,22,-39.0,2.9,78.5,4.6,292.1,79.91387,-24.09338,374.62
2022-08-05 23:00:00,2022,5,8,23,-39.0,2.95,78.2,4.4,295.4,79.91388,-24.09346,374.62
2022-08-06 00:00:00,2022,6,8,0,-39.0,2.967,80.7,4.4,298.4,79.91387,-24.09353,374.60
2022-08-06 01:00:00,2022,6,8,1,-39.0,2.95,84.2,5.2,286.9,79.91387,-24.09347,374.60
2022-08-06 02:00:00,2022,6,8,2,-39.0,2.9,85.9,5.2,284.0,79.91385,-24.09360,374.60
2022-08-06 03:00:00,2022,6,8,3,-40.0,2.917,84.2,5.5,290.2,79.91387,-24.09359,374.60
2022-08-06 04:00:00,2022,6,8,4,-39.0,2.733,87.7,2.1,23.3,79.91387,-24.09354,374.60
2022-08-06 05:00:00,2022,6,8,5,-39.0,1.85,93.6,0.3,346.3,79.91387,-24.09355,374.60
2022-08-06 06:00:00,2022,6,8,6,-39.0,2.083,93.1,0.2,272.2,79.91387,-24.09350,374.60
2022-08-06 07:00:00,2022,6,8,7,-39.0,2.333,91.7,0.4,324.3,79.91389,-24.09360,374.60
2022-08-06 08:00:00,2022,6,8,8,-39.0,2.85,90.4,1.4,271.6,79.91388,-24.09364,374.60
2022-08-06 09:00:00,2022,6,8,9,-39.0,2.3,89.5,1.1,286.7,79.91388,-24.09359,374.60
2022-08-06 10:00:00,2022,6,8,10,-39.0,2.717,89.1,2.1,309.8,79.91388,-24.09360,374.60
2022-08-06 11:00:00,2022,6,8,11,-39.0,3.417,85.0,1.9,315.4,79.91387,-24.09365,374.60
2022-08-06 12:00:00,2022,6,8,12,-39.0,3.05,85.9,2.7,310.3,79.91385,-24.09356,374.60
2022-08-06 13:00:00,2022,6,8,13,-39.0,3.2,84.7,3.1,305.3,79.91387,-24.09348,374.60
2022-08-06 14:00:00,2022,6,8,14,-40.0,3.083,85.2,3.1,298.8,79.91387,-24.09355,374.60
2022-08-06 15:00:00,2022,6,8,15,-40.0,3.05,84.9,3.3,295.6,79.91386,-24.09354,374.60
2022-08-06 16:00:00,2022,6,8,16,-40.0,3.1,84.4,3.1,296.9,79.91387,-24.09348,374.60
2022-08-06 17:00:00,2022,6,8,17,-40.0,3.267,83.9,2.9,290.3,79.91389,-24.09366,374.60
2022-08-06 18:00:00,2022,6,8,18,-40.0,3.533,83.9,2.4,277.0,79.91387,-24.09358,374.60
2022-08-06 19:00:00,2022,6,8,19,-40.0,3.333,84.0,2.1,275.0,79.91388,-24.09353,374.60
2022-08-06 20:00:00,2022,6,8,20,-40.0,3.117,84.5,1.8,285.5,79.91385,-24.09340,374.60
2022-08-06 21:00:00,2022,6,8,21,-40.0,3.417,82.5,1.4,293.1,79.91389,-24.09342,374.60
2022-08-06 22:00:00,2022,6,8,22,-40.0,2.75,86.8,2.2,232.5,79.91387,-24.09345,374.60
2022-08-06 23:00:00,2022,6,8,23,-40.0,1.8,90.9,3.2,218.1,79.91385,-24.09350,374.60
2022-08-07 00:00:00,2022,7,8,0,-40.0,1.783,91.3,2.6,221.7,79.91386,-24.09357,374.58
2022-08-07 01:00:00,2022,7,8,1,-40.0,1.717,91.8,2.0,215.8,79.91388,-24.09355,374.58
2022-08-07 02:00:00,2022,7,8,2,-40.0,1.383,92.9,2.3,208.9,79.91387,-24.09355,374.58
2022-08-07 03:00:00,2022,7,8,3,-40.0,1.083,94.0,2.5,220.2,79.91388,-24.09352,374.58
2022-08-07 04:00:00,2022,7,8,4,-39.0,1.083,94.0,1.8,230.1,79.91388,-24.09350,374.58
2022-08-07 05:00:00,2022,7,8,5,-39.0,1.217,93.8,1.8,224.0,79.91387,-24.09352,374.58
2022-08-07 06:00:00,2022,7,8,6,-39.0,0.95,94.9,1.8,227.8,79.91390,-24.09339,374.58
2022-08-07 07:00:00,2022,7,8,7,-39.0,1.333,93.5,1.2,276.3,79.91388,-24.09345,374.58
2022-08-07 08:00:00,2022,7,8,8,-39.0,1.517,95.1,0.4,270.3,79.91388,-24.09351,374.58
2022-08-07 09:00:00,2022,7,8,9,-39.0,1.367,97.4,0.4,261.0,79.91388,-24.09348,374.58
2022-08-07 10:00:00,2022,7,8,10,-38.0,1.333,97.7,1.0,273.9,79.91388,-24.09349,374.58
2022-08-07 11:00:00,2022,7,8,11,-38.0,1.633,98.2,0.9,267.0,79.91389,-24.09352,374.58
2022-08-07 12:00:00,2022,7,8,12,-38.0,1.833,97.4,1.2,262.6,79.91388,-24.09341,374.58
2022-08-07 13:00:00,2022,7,8,13,-38.0,2.167,96.4,1.0,272.3,79.91388,-24.09345,374.58
2022-08-07 14:00:00,2022,7,8,14,-38.0,2.433,97.3,1.1,280.6,79.91388,-24.09341,374.58
2022-08-07 15:00:00,2022,7,8,15,-38.0,2.567,95.0,1.3,272.2,79.91388,-24.09340,374.58
2022-08-07 16:00:00,2022,7,8,16,-38.0,2.667,91.9,1.4,255.8,79.91387,-24.09336,374.58
2022-08-07 17:00:00,2022,7,8,17,-39.0,2.517,91.3,2.1,246.6,79.91387,-24.09341,374.58
2022-08-07 18:00:00,2022,7,8,18,-39.0,2.633,90.2,2.1,241.0,79.91388,-24.09343,374.58
2022-08-07 19:00:00,2022,7,8,19,-38.0,2.85,87.9,1.8,244.0,79.91387,-24.09346,374.58
2022-08-07 20:00:00,2022,7,8,20,-38.0,2.933,86.1,1.5,250.4,79.91387,-24.09348,374.58
2022-08-07 21:00:00,2022,7,8,21,-38.0,2.633,86.9,1.5,246.0,79.91387,-24.09344,374.58
2022-08-07 22:00:00,2022,7,8,22,-38.0,2.533,87.4,1.4,263.2,79.91387,-24.09338,374.58
2022-08-07 23:00:00,2022,7,8,23,-38.0,2.75,88.2,0.4,241.2,79.91387,-24.09343,374.58
2022-08-08 00:00:00,2022,8,8,0,-38.0,2.267,89.5,0.6,266.6,79.91388,-24.09349,374.57
2022-08-08 01:00:00,2022,8,8,1,-38.0,1.683,93.9,1.3,319.3,79.91387,-24.09345,374.57
2022-08-08 02:00:00,2022,8,8,2,-38.0,1.467,94.5,1.4,309.0,79.91387,-24.09348,374.57
2022-08-08 03:00:00,2022,8,8,3,-38.0,1.683,92.6,1.1,322.2,79.91388,-24.09346,374.57
2022-08-08 04:00:00,2022,8,8,4,-38.0,1.25,97.2,1.6,320.1,79.91387,-24.09350,374.57
2022-08-08 05:00:00,2022,8,8,5,-38.0,1.183,97.6,1.7,301.9,79.91385,-24.09342,374.57
2022-08-08 06:00:00,2022,8,8,6,-38.0,1.783,91.5,1.0,293.2,79.91388,-24.09339,374.57
2022-08-08 07:00:00,2022,8,8,7,-37.0,1.767,88.7,1.5,294.8,79.91388,-24.09342,374.57
2022-08-08 08:00:00,2022,8,8,8,-37.0,1.583,88.0,1.6,293.3,79.91387,-24.09336,374.57
2022-08-08 09:00:00,2022,8,8,9,-38.0,2.083,84.8,1.8,293.4,79.91387,-24.09338,374.57
2022-08-08 10:00:00,2022,8,8,10,-38.0,2.117,84.6,2.0,288.2,79.91388,-24.09346,374.57
2022-08-08 11:00:00,2022,8,8,11,-38.0,1.983,86.4,2.2,280.7,79.91387,-24.09354,374.57
2022-08-08 12:00:00,2022,8,8,12,-38.0,2.3,87.7,2.2,275.4,79.91386,-24.09353,374.57
2022-08-08 13:00:00,2022,8,8,13,-38.0,2.567,83.8,2.1,265.3,79.91387,-24.09342,374.57
2022-08-08 14:00:00,2022,8,8,14,-38.0,2.633,85.1,2.6,256.7,79.91388,-24.09348,374.57
2022-08-08 15:00:00,2022,8,8,15,-38.0,2.367,88.6,3.5,238.7,79.91387,-24.09335,374.57
2022-08-08 16:00:00,2022,8,8,16,-38.0,2.85,86.5,3.3,226.5,79.91386,-24.09340,374.57
2022-08-08 17:00:00,2022,8,8,17,-38.0,2.65,86.8,3.8,229.1,79.91386,-24.09350,374.57
2022-08-08 18:00:00,2022,8,8,18,-39.0,2.417,88.1,3.8,210.5,79.91388,-24.09342,374.57
2022-08-08 19:00:00,2022,8,8,19,-39.0,2.2,89.8,3.2,204.7,79.91388,-24.09345,374.57
2022-08-08 20:00:00,2022,8,8,20,-39.0,2.083,90.4,3.0,193.9,79.91387,-24.09348,374.57
2022-08-08 21:00:00,2022,8,8,21,-39.0,1.967,91.3,3.9,181.4,79.91387,-24.09341,374.57
2022-08-08 22:00:00,2022,8,8,22,-39.0,1.633,92.6,4.1,193.0,79.91387,-24.09345,374.57
2022-08-08 23:00:00,2022,8,8,23,-39.0,1.017,93.0,4.9,194.9,79.91386,-24.09340,374.57
2022-08-09 00:00:00,2022,9,8,0,-39.0,0.667,94.5,4.3,183.9,79.91386,-24.09360,374.55
2022-08-09 01:00:00,2022,9,8,1,-39.0,0.483,95.7,4.1,203.1,79.91387,-24.09356,374.55
2022-08-09 02:00:00,2022,9,8,2,-39.0,0.233,95.0,3.0,221.4,79.91389,-24.09352,374.55
2022-08-09 03:00:00,2022,9,8,3,-40.0,0.583,92.7,2.5,226.0,79.91386,-24.09346,374.55
2022-08-09 04:00:00,2022,9,8,4,-40.0,0.733,93.0,2.7,208.8,79.91386,-24.09361,374.55
2022-08-09 05:00:00,2022,9,8,5,-40.0,0.8,93.3,2.9,198.6,79.91386,-24.09345,374.55
2022-08-09 06:00:00,2022,9,8,6,-40.0,0.7,96.0,2.6,202.5,79.91387,-24.09352,374.55
2022-08-09 07:00:00,2022,9,8,7,-40.0,0.783,95.1,2.6,197.6,79.91388,-24.09340,374.55
2022-08-09 08:00:00,2022,9,8,8,-40.0,0.767,94.7,3.5,220.8,79.91387,-24.09362,374.55
2022-08-09 09:00:00,2022,9,8,9,-40.0,0.917,94.0,3.1,226.2,79.91386,-24.09341,374.55
2022-08-09 10:00:00,2022,9,8,10,-41.0,1.483,90.5,3.6,214.2,79.91388,-24.09349,374.55
2022-08-09 11:00:00,2022,9,8,11,-41.0,1.917,86.9,3.4,198.3,79.91387,-24.09353,374.55
2022-08-09 12:00:00,2022,9,8,12,-41.0,1.633,88.3,3.2,192.4,79.91386,-24.09342,374.55
2022-08-09 13:00:00,2022,9,8,13,-41.0,1.583,88.8,3.5,200.8,79.91388,-24.09339,374.55
2022-08-09 14:00:00,2022,9,8,14,-41.0,1.6,87.7,3.4,216.0,79.91387,-24.09350,374.55
2022-08-09 15:00:00,2022,9,8,15,-41.0,1.317,89.0,3.4,231.9,79.91386,-24.09348,374.55
2022-08-09 16:00:00,2022,9,8,16,-42.0,1.317,86.9,3.1,224.3,79.91387,-24.09342,374.55
2022-08-09 17:00:00,2022,9,8,17,-42.0,1.517,85.5,4.0,208.6,79.91387,-24.09349,374.55
2022-08-09 18:00:00,2022,9,8,18,-42.0,1.05,88.5,3.2,221.5,79.91388,-24.09341,374.55
2022-08-09 19:00:00,2022,9,8,19,-42.0,0.95,89.1,3.2,236.9,79.91388,-24.09344,374.55
2022-08-09 20:00:00,2022,9,8,20,-42.0,0.967,88.7,3.0,230.1,79.91384,-24.09346,374.55
2022-08-09 21:00:00,2022,9,8,21,-42.0,1.133,88.1,1.9,211.2,79.91387,-24.09346,374.55
2022-08-09 22:00:00,2022,9,8,22,-42.0,0.9,90.6,2.9,220.8,79.91386,-24.09351,374.55
2022-08-09 23:00:00,2022,9,8,23,-42.0,0.883,90.3,2.7,218.5,79.91386,-24.09347,374.55
2022-08-10 00:00:00,2022,10,8,0,-42.0,0.717,93.1,2.8,212.6,79.91386,-24.09342,374.53
2022-08-10 01:00:00,2022,10,8,1,-42.0,0.8,93.6,2.2,202.1,79.91388,-24.09354,374.53
2022-08-10 02:00:00,2022,10,8,2,-42.0,0.7,94.1,2.0,216.0,79.91387,-24.09347,374.53
2022-08-10 03:00:00,2022,10,8,3,-42.0,0.6,94.3,1.8,232.5,79.91387,-24.09345,374.53
2022-08-10 04:00:00,2022,10,8,4,-42.0,0.933,92.8,1.4,215.4,79.91387,-24.09352,374.53
2022-08-10 05:00:00,2022,10,8,5,-42.0,1.25,90.9,1.2,224.7,79.91387,-24.09350,374.53
2022-08-10 06:00:00,2022,10,8,6,-42.0,0.983,92.6,1.4,315.3,79.91386,-24.09349,374.53
2022-08-10 07:00:00,2022,10,8,7,-42.0,0.95,93.8,1.5,319.9,79.91389,-24.09339,374.53
2022-08-10 08:00:00,2022,10,8,8,-42.0,1.133,90.8,1.9,316.7,79.91387,-24.09357,374.53
2022-08-10 09:00:00,2022,10,8,9,-42.0,1.367,87.0,2.2,324.5,79.91388,-24.09363,374.53
2022-08-10 10:00:00,2022,10,8,10,-42.0,1.567,85.9,2.6,317.6,79.91389,-24.09355,374.53
2022-08-10 11:00:00,2022,10,8,11,-42.0,1.667,85.4,2.8,313.8,79.91386,-24.09357,374.53
2022-08-10 12:00:00,2022,10,8,12,-42.0,1.733,85.4,3.4,318.1,79.91385,-24.09349,374.53
2022-08-10 13:00:00,2022,10,8,13,-42.0,1.983,84.5,3.4,313.7,79.91387,-24.09344,374.53
2022-08-10 14:00:00,2022,10,8,14,-42.0,1.967,84.1,3.8,315.4,79.91386,-24.09345,374.53
2022-08-10 15:00:00,2022,10,8,15,-42.0,2.033,83.3,4.2,310.9,79.91387,-24.09340,374.53
2022-08-10 16:00:00,2022,10,8,16,-42.0,2.067,82.8,4.1,310.6,79.91386,-24.09338,374.53
2022-08-10 17:00:00,2022,10,8,17,-42.0,1.983,83.2,3.8,313.7,79.91386,-24.09350,374.53
2022-08-10 18:00:00,2022,10,8,18,-42.0,1.933,84.5,4.0,312.4,79.91389,-24.09343,374.53
2022-08-10 19:00:00,2022,10,8,19,-42.0,2.0,84.1,4.1,309.0,79.91387,-24.09335,374.53
2022-08-10 20:00:00,2022,10,8,20,-42.0,2.033,84.5,4.4,314.7,79.91387,-24.09355,374.53
2022-08-10 21:00:00,2022,10,8,21,-42.0,1.967,87.2,4.3,319.4,79.91385,-24.09342,374.53
2022-08-10 22:00:00,2022,10,8,22,-42.0,1.717,91.1,3.9,326.8,79.91387,-24.09349,374.53
2022-08-10 23:00:00,2022,10,8,23,-42.0,1.317,93.9,3.7,333.0,79.91386,-24.09358,374.53
2022-08-11 00:00:00,2022,11,8,0,-41.0,1.25,94.3,3.8,337.3,79.91385,-24.09351,374.52
2022-08-11 01:00:00,2022,11,8,1,-41.0,1.383,93.9,3.8,327.2,79.91387,-24.09352,374.52
2022-08-11 02:00:00,2022,11,8,2,-41.0,1.0,95.8,4.0,339.8,79.91387,-24.09349,374.52
2022-08-11 03:00:00,2022,11,8,3,-41.0,0.9,96.7,4.4,340.5,79.91386,-24.09347,374.52
2022-08-11 04:00:00,2022,11,8,4,-41.0,0.933,96.3,4.0,338.8,79.91386,-24.09347,374.52
2022-08-11 05:00:00,2022,11,8,5,-41.0,0.9,96.9,4.0,339.8,79.91386,-24.09357,374.52
2022-08-11 06:00:00,2022,11,8,6,-41.0,1.0,95.8,2.7,352.2,79.91386,-24.09348,374.52
2022-08-11 07:00:00,2022,11,8,7,-41.0,1.267,94.9,2.9,338.6,79.91387,-24.09344,374.52
2022-08-11 08:00:00,2022,11,8,8,-40.0,1.167,95.4,2.8,342.6,79.91387,-24.09351,374.52
2022-08-11 09:00:00,2022,11,8,9,-40.0,1.283,93.9,3.0,343.6,79.91388,-24.09350,374.52
2022-08-11 10:00:00,2022,11,8,10,-40.0,1.367,93.0,2.8,347.7,79.91388,-24.09350,374.52
2022-08-11 11:00:00,2022,11,8,11,-40.0,1.283,93.8,2.9,331.8,79.91388,-24.09344,374.52
2022-08-11 12:00:00,2022,11,8,12,-40.0,1.35,93.6,2.5,334.1,79.91388,-24.09346,374.52
2022-08-11 13:00:00,2022,11,8,13,-40.0,1.6,92.8,2.6,334.8,79.91387,-24.09341,374.52
2022-08-11 14:00:00,2022,11,8,14,-40.0,1.75,91.4,2.6,334.4,79.91387,-24.09340,374.52
2022-08-11 15:00:00,2022,11,8,15,-40.0,1.817,90.9,2.3,316.6,79.91389,-24.09351,374.52
2022-08-11 16:00:00,2022,11,8,16,-40.0,1.883,91.1,2.3,305.4,79.91386,-24.09344,374.52
2022-08-11 17:00:00,2022,11,8,17,-40.0,1.75,92.1,2.3,299.0,79.91387,-24.09353,374.52
2022-08-11 18:00:00,2022,11,8,18,-40.0,2.183,89.2,1.1,282.7,79.91388,-24.09340,374.52
2022-08-11 19:00:00,2022,11,8,19,-40.0,2.433,86.7,1.4,328.9,79.91388,-24.09335,374.52
2022-08-11 20:00:00,2022,11,8,20,-40.0,2.55,85.4,1.4,311.6,79.91385,-24.09357,374.52
2022-08-11 21:00:00,2022,11,8,21,-40.0,1.633,88.6,2.2,305.5,79.91385,-24.09341,374.52
2022-08-11 22:00:00,2022,11,8,22,-40.0,1.417,88.3,2.3,294.4,79.91387,-24.09348,374.52
2022-08-11 23:00:00,2022,11,8,23,-40.0,1.583,87.4,2.5,288.6,79.91386,-24.09354,374.52
2022-08-12 00:00:00,2022,12,8,0,-40.0,1.817,87.7,2.4,282.0,79.91387,-24.09354,374.50
2022-08-12 01:00:00,2022,12,8,1,-40.0,1.75,88.9,2.5,273.7,79.91386,-24.09356,374.50
2022-08-12 02:00:00,2022,12,8,2,-40.0,2.033,85.4,2.5,263.1,79.91387,-24.09352,374.50
2022-08-12 03:00:00,2022,12,8,3,-40.0,1.9,86.0,2.9,263.5,79.91389,-24.09348,374.50
2022-08-12 04:00:00,2022,12,8,4,-40.0,1.917,86.3,3.2,273.2,79.91385,-24.09354,374.50
2022-08-12 05:00:00,2022,12,8,5,-40.0,1.717,82.2,3.2,296.7,79.91387,-24.09361,374.50
2022-08-12 06:00:00,2022,12,8,6,-40.0,1.417,80.8,3.5,303.0,79.91385,-24.09348,374.50
2022-08-12 07:00:00,2022,12,8,7,-39.0,1.333,81.3,3.2,296.7,79.91387,-24.09334,374.50
2022-08-12 08:00:00,2022,12,8,8,-39.0,1.617,78.6,2.7,305.6,79.91386,-24.09357,374.50
2022-08-12 09:00:00,2022,12,8,9,-39.0,1.817,78.3,2.0,299.7,79.91388,-24.09354,374.50
2022-08-12 10:00:00,2022,12,8,10,-39.0,1.8,80.8,2.0,313.9,79.91389,-24.09347,374.50
2022-08-12 11:00:00,2022,12,8,11,-39.0,2.033,80.0,1.9,312.6,79.91387,-24.09358,374.50
2022-08-12 12:00:00,2022,12,8,12,-39.0,1.9,81.4,2.5,312.7,79.91387,-24.09352,374.50
2022-08-12 13:00:00,2022,12,8,13,-39.0,1.9,80.8,2.2,325.0,79.91387,-24.09348,374.50
2022-08-12 14:00:00,2022,12,8,14,-39.0,1.933,82.0,2.3,306.5,79.91388,-24.09355,374.50
2022-08-12 15:00:00,2022,12,8,15,-39.0,1.983,82.5,2.7,301.2,79.91388,-24.09348,374.50
2022-08-12 16:00:00,2022,12,8,16,-39.0,1.967,84.0,2.6,301.7,79.91386,-24.09341,374.50
2022-08-12 17:00:00,2022,12,8,17,-39.0,1.983,82.9,3.3,309.5,79.91387,-24.09356,374.50
2022-08-12 18:00:00,2022,12,8,18,-39.0,2.0,81.9,3.2,308.3,79.91388,-24.09339,374.50
2022-08-12 19:00:00,2022,12,8,19,-38.0,2.167,80.6,2.5,311.7,79.91387,-24.09346,374.50
2022-08-12 20:00:00,2022,12,8,20,-38.0,2.05,82.1,2.5,303.5,79.91386,-24.09347,374.50
2022-08-12 21:00:00,2022,12,8,21,-39.0,2.167,82.7,2.6,297.9,79.91388,-24.09343,374.50
2022-08-12 22:00:00,2022,12,8,22,-38.0,2.45,79.7,2.6,314.5,79.91387,-24.09349,374.50
2022-08-12 23:00:00,2022,12,8,23,-39.0,1.867,80.5,3.2,281.6,79.91388,-24.09347,374.50
2022-08-13 00:00:00,2022,13,8,0,-39.0,0.65,79.0,4.5,276.2,79.91388,-24.09352,374.48
2022-08-13 01:00:00,2022,13,8,1,-39.0,-0.133,80.7,4.3,281.2,79.91387,-24.09356,374.48
2022-08-13 02:00:00,2022,13,8,2,-39.0,-0.1,78.7,3.6,278.4,79.91386,-24.09352,374.48
2022-08-13 03:00:00,2022,13,8,3,-40.0,0.3,75.4,2.8,298.9,79.91389,-24.09346,374.48
2022-08-13 04:00:00,2022,13,8,4,-40.0,0.333,75.5,2.4,306.5,79.91385,-24.09354,374.48
2022-08-13 05:00:00,2022,13,8,5,-40.0,-0.05,77.0,2.3,300.6,79.91385,-24.09353,374.48
2022-08-13 06:00:00,2022,13,8,6,-39.0,0.367,77.2,2.1,309.0,79.91387,-24.09346,374.48
2022-08-13 07:00:00,2022,13,8,7,-39.0,0.417,76.7,2.0,307.8,79.91386,-24.09339,374.48
2022-08-13 08:00:00,2022,13,8,8,-39.0,0.533,79.1,2.2,308.5,79.91387,-24.09347,374.48
2022-08-13 09:00:00,2022,13,8,9,-39.0,0.817,80.3,2.3,308.6,79.91389,-24.09353,374.48
2022-08-13 10:00:00,2022,13,8,10,-39.0,1.033,81.0,2.1,303.5,79.91387,-24.09355,374.48
2022-08-13 11:00:00,2022,13,8,11,-38.0,1.05,82.8,2.3,300.0,79.91389,-24.09353,374.48
2022-08-13 12:00:00,2022,13,8,12,-38.0,1.133,82.7,2.4,303.9,79.91388,-24.09352,374.48
2022-08-13 13:00:00,2022,13,8,13,-38.0,1.417,83.2,2.6,295.0,79.91387,-24.09345,374.48
2022-08-13 14:00:00,2022,13,8,14,-38.0,1.717,81.6,2.7,300.6,79.91388,-24.09354,374.48
2022-08-13 15:00:00,2022,13,8,15,-38.0,1.85,80.9,2.9,296.6,79.91388,-24.09349,374.48
2022-08-13 16:00:00,2022,13,8,16,-38.0,2.1,79.5,3.0,293.0,79.91386,-24.09340,374.48
2022-08-13 17:00:00,2022,13,8,17,-38.0,2.417,76.7,3.9,297.0,79.91387,-24.09362,374.48
2022-08-13 18:00:00,2022,13,8,18,-37.0,2.583,74.8,4.0,300.1,79.91388,-24.09344,374.48
2022-08-13 19:00:00,2022,13,8,19,-37.0,2.55,75.0,4.0,298.9,79.91387,-24.09348,374.48
2022-08-13 20:00:00,2022,13,8,20,-37.0,2.25,76.2,4.1,297.7,79.91387,-24.09348,374.48
2022-08-13 21:00:00,2022,13,8,21,-37.0,1.683,78.6,4.6,287.2,79.91387,-24.09350,374.48
2022-08-13 22:00:00,2022,13,8,22,-37.0,0.767,80.4,5.7,283.4,79.91386,-24.09350,374.48
2022-08-13 23:00:00,2022,13,8,23,-37.0,0.0,79.9,6.5,278.4,79.91385,-24.09343,374.48
2022-08-14 00:00:00,2022,14,8,0,-37.0,-0.233,79.8,6.7,284.3,79.91387,-24.09336,374.47
2022-08-14 01:00:00,2022,14,8,1,-36.0,0.333,77.9,2.6,294.3,79.91386,-24.09341,374.47
2022-08-14 02:00:00,2022,14,8,2,-36.0,1.683,72.8,2.9,263.8,79.91387,-24.09356,374.47
2022-08-14 03:00:00,2022,14,8,3,-36.0,1.8,72.3,1.5,229.7,79.91387,-24.09351,374.47
2022-08-14 04:00:00,2022,14,8,4,-36.0,1.533,78.7,0.5,192.1,79.91385,-24.09347,374.47
2022-08-14 05:00:00,2022,14,8,5,-36.0,0.867,89.9,0.5,8.5,79.91388,-24.09355,374.47
2022-08-14 06:00:00,2022,14,8,6,-36.0,0.833,90.1,0.6,339.9,79.91386,-24.09342,374.47
2022-08-14 07:00:00,2022,14,8,7,-36.0,1.067,89.0,0.5,304.6,79.91386,-24.09354,374.47
2022-08-14 08:00:00,2022,14,8,8,-36.0,1.467,88.0,0.5,6.7,79.91387,-24.09361,374.47
2022-08-14 09:00:00,2022,14,8,9,-36.0,1.633,87.9,0.7,295.1,79.91388,-24.09355,374.47
2022-08-14 10:00:00,2022,14,8,10,-35.0,2.2,86.0,0.9,243.3,79.91387,-24.09359,374.47
2022-08-14 11:00:00,2022,14,8,11,-35.0,2.983,83.7,1.0,259.7,79.91390,-24.09347,374.47
2022-08-14 12:00:00,2022,14,8,12,-35.0,3.5,82.0,1.4,252.9,79.91388,-24.09352,374.47
2022-08-14 13:00:00,2022,14,8,13,-35.0,4.033,79.0,1.4,281.0,79.91387,-24.09346,374.47
2022-08-14 14:00:00,2022,14,8,14,-35.0,3.333,81.7,2.1,314.5,79.91386,-24.09351,374.47
2022-08-14 15:00:00,2022,14,8,15,-35.0,2.733,85.3,2.7,309.8,79.91388,-24.09352,374.47
2022-08-14 16:00:00,2022,14,8,16,-35.0,2.767,85.3,2.5,316.1,79.91386,-24.09351,374.47
2022-08-14 17:00:00,2022,14,8,17,-35.0,3.367,83.0,2.1,305.6,79.91387,-24.09353,374.47
2022-08-14 18:00:00,2022,14,8,18,-35.0,3.667,81.5,1.9,278.6,79.91388,-24.09338,374.47
2022-08-14 19:00:00,2022,14,8,19,-35.0,2.617,84.6,2.1,227.9,79.91387,-24.09351,374.47
2022-08-14 20:00:00,2022,14,8,20,-35.0,2.017,86.6,3.0,216.3,79.91389,-24.09354,374.47
2022-08-14 21:00:00,2022,14,8,21,-35.0,1.117,88.9,3.7,217.6,79.91386,-24.09353,374.47
2022-08-14 22:00:00,2022,14,8,22,-35.0,0.367,90.4,3.6,210.0,79.91387,-24.09350,374.47
2022-08-14 23:00:00,2022,14,8,23,-35.0,-0.383,92.5,3.6,203.6,79.91386,-24.09339,374.47
2022-08-15 00:00:00,2022,15,8,0,-35.0,-0.9,94.0,3.6,199.0,79.91386,-24.09345,374.45
2022-08-15 01:00:00,2022,15,8,1,-35.0,-1.567,95.5,3.4,208.1,79.91386,-24.09366,374.45
2022-08-15 02:00:00,2022,15,8,2,-35.0,-2.017,97.2,3.5,210.4,79.91386,-24.09356,374.45
2022-08-15 03:00:00,2022,15,8,3,-35.0,-2.417,98.6,3.5,204.5,79.91387,-24.09350,374.45
2022-08-15 04:00:00,2022,15,8,4,-35.0,-2.8,99.0,3.6,200.9,79.91385,-24.09338,374.45
2022-08-15 05:00:00,2022,15,8,5,-35.0,-2.6,98.2,3.6,211.8,79.91387,-24.09347,374.45
2022-08-15 06:00:00,2022,15,8,6,-34.0,-2.283,96.8,3.1,201.0,79.91386,-24.09350,374.45
2022-08-15 07:00:00,2022,15,8,7,-34.0,-2.017,94.3,3.0,209.1,79.91386,-24.09350,374.45
2022-08-15 08:00:00,2022,15,8,8,-34.0,-1.417,91.6,2.9,210.3,79.91386,-24.09359,374.45
2022-08-15 09:00:00,2022,15,8,9,-34.0,-0.683,89.1,2.5,211.0,79.91388,-24.09354,374.45
2022-08-15 10:00:00,2022,15,8,10,-34.0,-0.367,87.9,2.9,219.3,79.91387,-24.09362,374.45
2022-08-15 11:00:00,2022,15,8,11,-34.0,0.017,86.9,3.0,223.0,79.91387,-24.09356,374.45
2022-08-15 12:00:00,2022,15,8,12,-34.0,0.517,86.0,3.3,225.7,79.91388,-24.09346,374.45
2022-08-15 13:00:00,2022,15,8,13,-34.0,0.883,85.5,3.5,229.1,79.91386,-24.09345,374.45
2022-08-15 14:00:00,2022,15,8,14,-34.0,1.35,84.3,3.8,225.6,79.91387,-24.09352,374.45
2022-08-15 15:00:00,2022,15,8,15,-34.0,1.55,83.9,3.9,220.7,79.91389,-24.09345,374.45
2022-08-15 16:00:00,2022,15,8,16,-34.0,1.567,84.3,3.8,219.6,79.91387,-24.09347,374.45
2022-08-15 17:00:00,2022,15,8,17,-34.0,1.55,84.5,3.5,218.8,79.91387,-24.09352,374.45
2022-08-15 18:00:00,2022,15,8,18,-34.0,1.55,84.5,3.4,218.1,79.91388,-24.09349,374.45
2022-08-15 19:00:00,2022,15,8,19,-34.0,1.133,85.8,3.5,217.0,79.91386,-24.09357,374.45
2022-08-15 20:00:00,2022,15,8,20,-33.0,0.733,86.8,3.4,222.6,79.91387,-24.09354,374.45
2022-08-15 21:00:00,2022,15,8,21,-33.0,0.183,88.4,3.8,209.1,79.91387,-24.09346,374.45
2022-08-15 22:00:00,2022,15,8,22,-33.0,-0.167,89.0,3.3,202.9,79.91387,-24.09347,374.45
2022-08-15 23:00:00,2022,15,8,23,-33.0,-0.617,89.7,3.1,199.3,79.91388,-24.09341,374.45
2022-08-16 00:00:00,2022,16,8,0,-33.0,-1.283,91.2,3.4,205.6,79.91386,-24.09343,374.43
2022-08-16 01:00:00,2022,16,8,1,-33.0,-1.75,92.6,3.8,211.4,79.91385,-24.09348,374.43
2022-08-16 02:00:00,2022,16,8,2,-33.0,-1.967,92.5,2.7,213.6,79.91386,-24.09347,374.43
2022-08-16 03:00:00,2022,16,8,3,-33.0,-1.967,92.3,1.5,216.0,79.91388,-24.09350,374.43
2022-08-16 04:00:00,2022,16,8,4,-33.0,-1.9,92.1,1.2,233.1,79.91385,-24.09349,374.43
2022-08-16 05:00:00,2022,16,8,5,-33.0,-1.483,91.4,0.7,182.8,79.91387,-24.09346,374.43
2022-08-16 06:00:00,2022,16,8,6,-33.0,-1.667,91.6,2.2,203.7,79.91387,-24.09350,374.43
2022-08-16 07:00:00,2022,16,8,7,-33.0,-1.567,90.3,3.1,215.0,79.91387,-24.09351,374.43
2022-08-16 08:00:00,2022,16,8,8,-33.0,-1.117,89.4,3.5,211.5,79.91389,-24.09352,374.43
2022-08-16 09:00:00,2022,16,8,9,-33.0,-0.833,87.9,3.5,218.6,79.91388,-24.09352,374.43
2022-08-16 10:00:00,2022,16,8,10,-33.0,-0.683,87.3,3.9,219.1,79.91387,-24.09360,374.43
2022-08-16 11:00:00,2022,16,8,11,-33.0,0.283,85.0,2.5,225.0,79.91386,-24.09358,374.43
2022-08-16 12:00:00,2022,16,8,12,-33.0,0.933,83.0,2.1,238.9,79.91387,-24.09338,374.43
2022-08-16 13:00:00,2022,16,8,13,-33.0,1.333,82.5,2.1,234.3,79.91387,-24.09345,374.43
2022-08-16 14:00:00,2022,16,8,14,-33.0,1.867,81.0,2.1,235.6,79.91385,-24.09345,374.43
2022-08-16 15:00:00,2022,16,8,15,-33.0,1.733,82.0,3.4,222.9,79.91386,-24.09354,374.43
2022-08-16 16:00:00,2022,16,8,16,-33.0,1.383,83.2,3.3,219.1,79.91387,-24.09347,374.43
2022-08-16 17:00:00,2022,16,8,17,-33.0,1.133,84.3,2.9,211.3,79.91387,-24.09351,374.43
2022-08-16 18:00:00,2022,16,8,18,-33.0,1.183,83.9,3.2,207.1,79.91387,-24.09343,374.43
2022-08-16 19:00:00,2022,16,8,19,-33.0,1.0,84.4,2.8,215.6,79.91387,-24.09357,374.43
2022-08-16 20:00:00,2022,16,8,20,-33.0,0.467,85.4,3.0,207.9,79.91388,-24.09352,374.43
2022-08-16 21:00:00,2022,16,8,21,-33.0,-0.117,86.9,2.7,220.4,79.91387,-24.09340,374.43
2022-08-16 22:00:00,2022,16,8,22,-34.0,-0.483,87.2,2.4,223.5,79.91387,-24.09345,374.43
2022-08-16 23:00:00,2022,16,8,23,-34.0,-0.75,87.2,1.6,224.5,79.91386,-24.09334,374.43
2022-08-17 00:00:00,2022,17,8,0,-34.0,-0.7,85.7,0.7,272.0,79.91387,-24.09341,374.42
2022-08-17 01:00:00,2022,17,8,1,-34.0,-0.967,83.3,0.7,276.9,79.91386,-24.09339,374.42
2022-08-17 02:00:00,2022,17,8,2,-35.0,-1.083,86.5,1.1,260.8,79.91386,-24.09352,374.42
2022-08-17 03:00:00,2022,17,8,3,-35.0,-0.9,82.1,1.3,257.7,79.91388,-24.09358,374.42
2022-08-17 04:00:00,2022,17,8,4,-36.0,-1.1,82.1,2.4,234.1,79.91386,-24.09350,374.42
2022-08-17 05:00:00,2022,17,8,5,-36.0,-0.917,83.2,2.4,249.5,79.91387,-24.09354,374.42
2022-08-17 06:00:00,2022,17,8,6,-36.0,-0.433,81.1,1.4,291.7,79.91388,-24.09355,374.42
2022-08-17 07:00:00,2022,17,8,7,-36.0,0.767,77.8,0.3,341.7,79.91388,-24.09359,374.42
2022-08-17 08:00:00,2022,17,8,8,-37.0,0.433,82.2,1.4,327.0,79.91388,-24.09347,374.42
2022-08-17 09:00:00,2022,17,8,9,-37.0,1.05,83.9,2.3,333.9,79.91389,-24.09354,374.42
2022-08-17 10:00:00,2022,17,8,10,-37.0,1.783,82.9,2.7,331.4,79.91388,-24.09358,374.42
2022-08-17 11:00:00,2022,17,8,11,-38.0,2.45,79.1,3.5,320.1,79.91385,-24.09359,374.42
2022-08-17 12:00:00,2022,17,8,12,-38.0,2.833,78.0,4.4,319.7,79.91390,-24.09356,374.42
2022-08-17 13:00:00,2022,17,8,13,-39.0,3.25,75.6,5.2,310.5,79.91388,-24.09351,374.42
2022-08-17 14:00:00,2022,17,8,14,-39.0,3.7,71.7,6.0,314.6,79.91387,-24.09350,374.42
2022-08-17 15:00:00,2022,17,8,15,-40.0,3.617,73.0,6.2,321.5,79.91388,-24.09354,374.42
2022-08-17 16:00:00,2022,17,8,16,-40.0,3.85,75.5,6.6,314.8,79.91389,-24.09360,374.42
2022-08-17 17:00:00,2022,17,8,17,-40.0,3.883,76.5,6.6,321.6,79.91387,-24.09353,374.42
2022-08-17 18:00:00,2022,17,8,18,-41.0,3.917,76.9,6.7,321.4,79.91389,-24.09355,374.42
2022-08-17 19:00:00,2022,17,8,19,-41.0,4.0,76.6,6.3,319.2,79.91386,-24.09348,374.42
2022-08-17 20:00:00,2022,17,8,20,-41.0,3.5,79.6,6.5,334.3,79.91386,-24.09345,374.42
2022-08-17 21:00:00,2022,17,8,21,-41.0,3.517,78.6,6.6,343.4,79.91388,-24.09344,374.42
2022-08-17 22:00:00,2022,17,8,22,-41.0,3.267,79.6,6.8,333.5,79.91386,-24.09344,374.42
2022-08-17 23:00:00,2022,17,8,23,-42.0,2.683,80.3,8.3,322.4,79.91388,-24.09343,374.42
2022-08-18 00:00:00,2022,18,8,0,-42.0,1.983,81.2,9.3,340.1,79.91388,-24.09349,374.40
2022-08-18 01:00:00,2022,18,8,1,-42.0,1.017,86.6,7.1,318.9,79.91387,-24.09351,374.40
2022-08-18 02:00:00,2022,18,8,2,-43.0,1.283,86.7,4.7,338.7,79.91385,-24.09351,374.40
2022-08-18 03:00:00,2022,18,8,3,-43.0,2.3,82.9,5.5,346.5,79.91388,-24.09364,374.40
2022-08-18 04:00:00,2022,18,8,4,-44.0,1.65,86.3,5.5,343.0,79.91386,-24.09348,374.40
2022-08-18 05:00:00,2022,18,8,5,-44.0,0.867,89.9,6.0,355.7,79.91387,-24.09356,374.40
2022-08-18 06:00:00,2022,18,8,6,-44.0,0.967,89.5,8.4,341.1,79.91388,-24.09360,374.40
2022-08-18 07:00:00,2022,18,8,7,-45.0,1.167,91.2,9.3,342.8,79.91387,-24.09355,374.40
2022-08-18 08:00:00,2022,18,8,8,-45.0,1.2,94.3,9.0,343.7,79.91387,-24.09350,374.40
2022-08-18 09:00:00,2022,18,8,9,-45.0,1.733,90.7,10.0,7.1,79.91388,-24.09347,374.40
2022-08-18 10:00:00,2022,18,8,10,-45.0,2.067,87.5,11.9,358.7,79.91389,-24.09362,374.40
2022-08-18 11:00:00,2022,18,8,11,-45.0,1.95,88.0,12.9,354.6,79.91388,-24.09353,374.40
2022-08-18 12:00:00,2022,18,8,12,-45.0,1.6,91.5,11.6,352.4,79.91388,-24.09355,374.40
2022-08-18 13:00:00,2022,18,8,13,-44.0,1.417,94.5,9.3,2.9,79.91387,-24.09349,374.40
2022-08-18 14:00:00,2022,18,8,14,-44.0,0.85,96.8,8.6,10.5,79.91385,-24.09345,374.40
2022-08-18 15:00:00,2022,18,8,15,-43.0,0.517,97.6,7.0,21.2,79.91386,-24.09347,374.40
2022-08-18 16:00:00,2022,18,8,16,-42.0,0.25,98.6,7.0,8.6,79.91388,-24.09340,374.40
2022-08-18 17:00:00,2022,18,8,17,-42.0,0.117,98.5,7.5,3.8,79.91387,-24.09336,374.40
2022-08-18 18:00:00,2022,18,8,18,-41.0,-0.033,98.4,8.4,2.4,79.91388,-24.09349,374.40
2022-08-18 19:00:00,2022,18,8,19,-41.0,-0.1,98.2,7.7,4.4,79.91388,-24.09344,374.40
2022-08-18 20:00:00,2022,18,8,20,-40.0,-0.083,98.4,7.5,358.6,79.91388,-24.09344,374.40
2022-08-18 21:00:00,2022,18,8,21,-39.0,0.033,99.5,6.6,5.1,79.91387,-24.09356,374.40
2022-08-18 22:00:00,2022,18,8,22,-38.0,0.467,97.6,6.2,353.7,79.91387,-24.09339,374.40
2022-08-18 23:00:00,2022,18,8,23,-38.0,1.467,92.5,8.4,338.0,79.91388,-24.09333,374.40
2022-08-19 00:00:00,2022,19,8,0,-37.0,1.667,90.9,9.2,347.9,79.91387,-24.09353,374.38
2022-08-19 01:00:00,2022,19,8,1,-37.0,1.833,88.5,9.7,347.9,79.91386,-24.09341,374.38
2022-08-19 02:00:00,2022,19,8,2,-37.0,1.817,89.1,11.0,336.3,79.91387,-24.09348,374.38
2022-08-19 03:00:00,2022,19,8,3,-36.0,1.717,89.5,11.5,335.1,79.91388,-24.09361,374.38
2022-08-19 04:00:00,2022,19,8,4,-35.0,1.867,87.1,9.9,337.1,79.91386,-24.09359,374.38
2022-08-19 05:00:00,2022,19,8,5,-34.0,1.967,85.4,8.6,333.6,79.91389,-24.09346,374.38
2022-08-19 06:00:00,2022,19,8,6,-34.0,1.983,82.1,6.4,322.5,79.91387,-24.09359,374.38
2022-08-19 07:00:00,2022,19,8,7,-34.0,2.533,75.3,6.1,319.8,79.91386,-24.09353,374.38
2022-08-19 08:00:00,2022,19,8,8,-33.0,2.583,74.3,7.7,322.0,79.91387,-24.09349,374.38
2022-08-19 09:00:00,2022,19,8,9,-33.0,2.5,74.7,7.8,329.7,79.91388,-24.09345,374.38
2022-08-19 10:00:00,2022,19,8,10,-33.0,2.65,73.1,7.9,319.4,79.91388,-24.09349,374.38
2022-08-19 11:00:00,2022,19,8,11,-33.0,2.75,72.0,7.0,322.8,79.91387,-24.09352,374.38
2022-08-19 12:00:00,2022,19,8,12,-33.0,2.683,71.5,7.1,310.9,79.91388,-24.09354,374.38
2022-08-19 13:00:00,2022,19,8,13,-33.0,2.867,70.9,6.7,306.8,79.91387,-24.09347,374.38
2022-08-19 14:00:00,2022,19,8,14,-32.0,3.133,72.0,5.8,303.9,79.91387,-24.09345,374.38
2022-08-19 15:00:00,2022,19,8,15,-33.0,3.233,74.1,6.4,306.8,79.91387,-24.09342,374.38
2022-08-19 16:00:00,2022,19,8,16,-33.0,3.65,73.5,7.1,319.5,79.91387,-24.09351,374.38
2022-08-19 17:00:00,2022,19,8,17,-33.0,3.65,71.9,7.0,309.8,79.91387,-24.09357,374.38
2022-08-19 18:00:00,2022,19,8,18,-34.0,3.75,71.2,7.9,315.0,79.91388,-24.09348,374.38
2022-08-19 19:00:00,2022,19,8,19,-34.0,3.5,71.8,8.7,317.9,79.91386,-24.09352,374.38
2022-08-19 20:00:00,2022,19,8,20,-34.0,3.217,72.5,7.9,306.0,79.91388,-24.09345,374.38
2022-08-19 21:00:00,2022,19,8,21,-34.0,2.967,73.2,8.1,303.5,79.91389,-24.09348,374.38
2022-08-19 22:00:00,2022,19,8,22,-34.0,3.0,71.1,7.4,301.6,79.91389,-24.09345,374.38
2022-08-19 23:00:00,2022,19,8,23,-34.0,2.35,72.3,7.2,306.9,79.91386,-24.09352,374.38
2022-08-20 00:00:00,2022,20,8,0,-34.0,2.383,71.9,6.0,306.2,79.91387,-24.09344,374.37
2022-08-20 01:00:00,2022,20,8,1,-35.0,1.733,73.1,5.4,303.0,79.91386,-24.09349,374.37
2022-08-20 02:00:00,2022,20,8,2,-35.0,1.417,72.3,6.6,306.5,79.91387,-24.09349,374.37
2022-08-20 03:00:00,2022,20,8,3,-35.0,1.3,72.3,6.7,307.1,79.91388,-24.09350,374.37
2022-08-20 04:00:00,2022,20,8,4,-35.0,1.2,71.8,6.4,309.5,79.91387,-24.09356,374.37
2022-08-20 05:00:00,2022,20,8,5,-35.0,1.3,71.0,6.4,306.8,79.91387,-24.09348,374.37
2022-08-20 06:00:00,2022,20,8,6,-35.0,0.95,70.6,6.3,305.5,79.91388,-24.09351,374.37
2022-08-20 07:00:00,2022,20,8,7,-35.0,0.683,69.8,6.8,304.0,79.91387,-24.09354,374.37
2022-08-20 08:00:00,2022,20,8,8,-35.0,0.833,69.6,5.6,302.7,79.91388,-24.09350,374.37
2022-08-20 09:00:00,2022,20,8,9,-35.0,1.217,71.0,4.9,309.2,79.91389,-24.09347,374.37
2022-08-20 10:00:00,2022,20,8,10,-35.0,1.5,72.6,4.9,306.4,79.91387,-24.09357,374.37
2022-08-20 11:00:00,2022,20,8,11,-35.0,1.767,73.4,4.3,306.7,79.91387,-24.09359,374.37
2022-08-20 12:00:00,2022,20,8,12,-35.0,1.85,73.8,4.7,302.9,79.91388,-24.09352,374.37
2022-08-20 13:00:00,2022,20,8,13,-36.0,2.0,74.0,4.5,302.3,79.91388,-24.09351,374.37
2022-08-20 14:00:00,2022,20,8,14,-36.0,2.017,74.6,4.6,303.5,79.91387,-24.09354,374.37
2022-08-20 15:00:00,2022,20,8,15,-36.0,2.117,74.1,4.8,307.3,79.91388,-24.09354,374.37
2022-08-20 16:00:00,2022,20,8,16,-36.0,2.033,73.5,5.0,304.1,79.91387,-24.09343,374.37
2022-08-20 17:00:00,2022,20,8,17,-37.0,1.95,72.3,5.1,304.9,79.91388,-24.09351,374.37
2022-08-20 18:00:00,2022,20,8,18,-37.0,1.967,70.9,4.5,298.6,79.91389,-24.09342,374.37
2022-08-20 19:00:00,2022,20,8,19,-37.0,0.7,75.8,5.0,284.4,79.91387,-24.09351,374.37
2022-08-20 20:00:00,2022,20,8,20,-37.0,0.017,74.5,5.8,281.6,79.91388,-24.09352,374.37
2022-08-20 21:00:00,2022,20,8,21,-37.0,-1.017,75.3,6.1,280.2,79.91388,-24.09344,374.37
2022-08-20 22:00:00,2022,20,8,22,-38.0,-1.767,75.7,6.7,278.8,79.91388,-24.09344,374.37
2022-08-20 23:00:00,2022,20,8,23,-38.0,-2.167,74.6,6.6,280.5,79.91386,-24.09355,374.37
2022-08-21 00:00:00,2022,21,8,0,-38.0,-2.5,74.1,6.3,282.0,79.91387,-24.09348,374.35
2022-08-21 01:00:00,2022,21,8,1,-38.0,-2.567,72.4,6.1,279.6,79.91386,-24.09351,374.35
2022-08-21 02:00:00,2022,21,8,2,-38.0,-2.983,75.4,5.4,281.9,79.91387,-24.09348,374.35
2022-08-21 03:00:00,2022,21,8,3,-38.0,-2.633,76.2,4.6,291.0,79.91389,-24.09350,374.35
2022-08-21 04:00:00,2022,21,8,4,-38.0,-1.3,70.3,3.7,307.1,79.91387,-24.09352,374.35
2022-08-21 05:00:00,2022,21,8,5,-38.0,-1.283,70.9,3.4,309.3,79.91387,-24.09356,374.35
2022-08-21 06:00:00,2022,21,8,6,-38.0,-1.067,70.6,4.0,306.1,79.91388,-24.09347,374.35
2022-08-21 07:00:00,2022,21,8,7,-37.0,-1.0,71.0,3.6,302.2,79.91388,-24.09365,374.35
2022-08-21 08:00:00,2022,21,8,8,-37.0,-0.5,71.4,3.2,303.6,79.91386,-24.09338,374.35
2022-08-21 09:00:00,2022,21,8,9,-37.0,-0.267,72.8,3.4,297.4,79.91389,-24.09356,374.35
2022-08-21 10:00:00,2022,21,8,10,-37.0,0.35,69.9,3.2,306.8,79.91386,-24.09350,374.35
2022-08-21 11:00:00,2022,21,8,11,-37.0,0.5,69.6,3.2,314.2,79.91385,-24.09359,374.35
2022-08-21 12:00:00,2022,21,8,12,-37.0,0.717,69.1,3.5,310.9,79.91387,-24.09350,374.35
2022-08-21 13:00:00,2022,21,8,13,-37.0,0.767,70.0,3.7,299.8,79.91388,-24.09351,374.35
2022-08-21 14:00:00,2022,21,8,14,-37.0,0.583,72.0,3.7,294.2,79.91387,-24.09344,374.35
2022-08-21 15:00:00,2022,21,8,15,-37.0,0.433,74.6,3.9,291.7,79.91387,-24.09345,374.35
2022-08-21 16:00:00,2022,21,8,16,-37.0,0.317,75.8,4.0,286.8,79.91388,-24.09359,374.35
2022-08-21 17:00:00,2022,21,8,17,-36.0,-0.067,76.1,4.5,288.5,79.91387,-24.09346,374.35
2022-08-21 18:00:00,2022,21,8,18,-36.0,-0.6,77.5,4.7,288.9,79.91388,-24.09350,374.35
2022-08-21 19:00:00,2022,21,8,19,-36.0,-0.95,78.0,4.6,284.8,79.91386,-24.09348,374.35
2022-08-21 20:00:00,2022,21,8,20,-36.0,-1.3,77.8,4.3,286.3,79.91388,-24.09338,374.35
2022-08-21 21:00:00,2022,21,8,21,-35.0,-1.6,77.2,4.3,284.6,79.91387,-24.09347,374.35
2022-08-21 22:00:00,2022,21,8,22,-35.0,-2.183,77.0,4.6,286.2,79.91386,-24.09344,374.35
2022-08-21 23:00:00,2022,21,8,23,-35.0,-1.717,75.6,3.8,291.9,79.91389,-24.09342,374.35
2022-08-22 00:00:00,2022,22,8,0,-35.0,-1.683,73.0,4.1,305.4,79.91388,-24.09358,374.33
2022-08-22 01:00:00,2022,22,8,1,-35.0,-2.0,69.2,4.7,301.8,79.91384,-24.09349,374.33
2022-08-22 02:00:00,2022,22,8,2,-35.0,-2.267,69.2,4.5,301.3,79.91387,-24.09351,374.33
2022-08-22 03:00:00,2022,22,8,3,-34.0,-2.217,70.4,4.6,303.8,79.91388,-24.09345,374.33
2022-08-22 04:00:00,2022,22,8,4,-34.0,-2.267,70.5,4.5,304.6,79.91386,-24.09351,374.33
2022-08-22 05:00:00,2022,22,8,5,-34.0,-2.217,70.8,4.6,308.1,79.91387,-24.09346,374.33
2022-08-22 06:00:00,2022,22,8,6,-34.0,-2.0,68.7,4.7,308.8,79.91388,-24.09351,374.33
2022-08-22 07:00:00,2022,22,8,7,-34.0,-1.817,68.6,4.9,306.8,79.91388,-24.09358,374.33
2022-08-22 08:00:00,2022,22,8,8,-34.0,-1.383,70.2,4.5,308.7,79.91387,-24.09344,374.33
2022-08-22 09:00:00,2022,22,8,9,-34.0,-0.933,68.4,4.6,313.4,79.91388,-24.09350,374.33
2022-08-22 10:00:00,2022,22,8,10,-34.0,-0.617,69.3,4.7,321.7,79.91386,-24.09358,374.33
2022-08-22 11:00:00,2022,22,8,11,-34.0,-0.183,69.6,4.6,317.7,79.91387,-24.09355,374.33
2022-08-22 12:00:00,2022,22,8,12,-34.0,0.0,70.3,4.4,313.9,79.91388,-24.09361,374.33
2022-08-22 13:00:00,2022,22,8,13,-34.0,0.233,69.6,4.6,314.6,79.91388,-24.09353,374.33
2022-08-22 14:00:00,2022,22,8,14,-34.0,0.667,71.4,4.4,317.5,79.91387,-24.09342,374.33
2022-08-22 15:00:00,2022,22,8,15,-35.0,1.05,69.1,4.4,315.5,79.91387,-24.09353,374.33
2022-08-22 16:00:00,2022,22,8,16,-35.0,1.15,70.5,4.7,314.8,79.91387,-24.09346,374.33
2022-08-22 17:00:00,2022,22,8,17,-35.0,0.733,71.8,4.8,308.3,79.91387,-24.09343,374.33
2022-08-22 18:00:00,2022,22,8,18,-36.0,0.333,73.0,4.9,303.9,79.91388,-24.09350,374.33
2022-08-22 19:00:00,2022,22,8,19,-36.0,0.067,72.3,5.2,298.8,79.91387,-24.09344,374.33
2022-08-22 20:00:00,2022,22,8,20,-36.0,-0.25,71.7,5.3,302.6,79.91389,-24.09343,374.33
2022-08-22 21:00:00,2022,22,8,21,-36.0,-0.783,72.3,5.3,304.5,79.91387,-24.09340,374.33
2022-08-22 22:00:00,2022,22,8,22,-36.0,-0.533,74.7,5.3,301.6,79.91386,-24.09348,374.33
2022-08-22 23:00:00,2022,22,8,23,-36.0,-0.317,74.1,5.5,297.4,79.91387,-24.09351,374.33
2022-08-23 00:00:00,2022,23,8,0,-36.0,-0.2,77.1,4.4,302.2,79.91387,-24.09344,374.32
2022-08-23 01:00:00,2022,23,8,1,-36.0,-0.067,77.3,3.6,311.8,79.91387,-24.09349,374.32
2022-08-23 02:00:00,2022,23,8,2,-36.0,-0.433,78.8,3.2,318.5,79.91388,-24.09348,374.32
2022-08-23 03:00:00,2022,23,8,3,-36.0,-0.6,80.3,1.9,328.6,79.91388,-24.09350,374.32
2022-08-23 04:00:00,2022,23,8,4,-36.0,-0.3,80.1,3.3,311.3,79.91386,-24.09349,374.32
2022-08-23 05:00:00,2022,23,8,5,-37.0,-0.133,79.8,4.1,307.3,79.91386,-24.09343,374.32
2022-08-23 06:00:00,2022,23,8,6,-37.0,-0.4,79.7,4.3,302.2,79.91388,-24.09346,374.32
2022-08-23 07:00:00,2022,23,8,7,-37.0,-0.117,79.7,3.9,302.6,79.91388,-24.09353,374.32
2022-08-23 08:00:00,2022,23,8,8,-37.0,0.067,80.1,2.7,316.9,79.91387,-24.09349,374.32
2022-08-23 09:00:00,2022,23,8,9,-37.0,0.183,79.1,3.8,303.5,79.91388,-24.09350,374.32
2022-08-23 10:00:00,2022,23,8,10,-37.0,-0.033,80.0,4.6,292.9,79.91386,-24.09351,374.32
2022-08-23 11:00:00,2022,23,8,11,-37.0,-0.5,80.6,5.7,286.6,79.91386,-24.09359,374.32
2022-08-23 12:00:00,2022,23,8,12,-37.0,-0.5,80.6,5.3,288.2,79.91387,-24.09353,374.32
2022-08-23 13:00:00,2022,23,8,13,-37.0,0.267,81.4,4.1,293.3,79.91388,-24.09353,374.32
2022-08-23 14:00:00,2022,23,8,14,-37.0,0.6,80.9,3.3,303.4,79.91387,-24.09344,374.32
2022-08-23 15:00:00,2022,23,8,15,-37.0,0.6,81.2,3.7,299.9,79.91387,-24.09349,374.32
2022-08-23 16:00:00,2022,23,8,16,-37.0,0.6,82.1,3.9,298.0,79.91387,-24.09357,374.32
2022-08-23 17:00:00,2022,23,8,17,-37.0,0.633,81.5,4.0,301.5,79.91387,-24.09341,374.32
2022-08-23 18:00:00,2022,23,8,18,-38.0,0.683,81.2,3.7,303.2,79.91389,-24.09360,374.32
2022-08-23 19:00:00,2022,23,8,19,-38.0,0.75,81.0,3.5,297.3,79.91387,-24.09352,374.32
2022-08-23 20:00:00,2022,23,8,20,-38.0,0.5,80.5,4.4,295.4,79.91389,-24.09351,374.32
2022-08-23 21:00:00,2022,23,8,21,-38.0,0.233,80.7,4.7,292.0,79.91387,-24.09342,374.32
2022-08-23 22:00:00,2022,23,8,22,-38.0,0.05,81.6,4.5,287.8,79.91388,-24.09349,374.32
2022-08-23 23:00:00,2022,23,8,23,-38.0,-0.083,81.7,4.7,286.8,79.91385,-24.09345,374.32
2022-08-24 00:00:00,2022,24,8,0,-38.0,-0.133,82.0,4.7,287.8,79.91386,-24.09349,374.30
2022-08-24 01:00:00,2022,24,8,1,-38.0,-0.133,81.1,4.5,300.5,79.91387,-24.09346,374.30
2022-08-24 02:00:00,2022,24,8,2,-38.0,-0.483,80.8,4.9,296.2,79.91386,-24.09341,374.30
2022-08-24 03:00:00,2022,24,8,3,-38.0,-0.817,81.1,5.1,299.1,79.91387,-24.09352,374.30
2022-08-24 04:00:00,2022,24,8,4,-38.0,-0.983,81.5,5.0,299.7,79.91386,-24.09345,374.30
2022-08-24 05:00:00,2022,24,8,5,-37.0,-1.167,82.0,5.0,292.3,79.91385,-24.09351,374.30
2022-08-24 06:00:00,2022,24,8,6,-37.0,-0.95,81.5,4.5,291.1,79.91388,-24.09344,374.30
2022-08-24 07:00:00,2022,24,8,7,-37.0,-1.083,82.6,4.7,292.7,79.91387,-24.09354,374.30
2022-08-24 08:00:00,2022,24,8,8,-37.0,-1.217,82.6,5.0,286.3,79.91386,-24.09348,374.30
2022-08-24 09:00:00,2022,24,8,9,-36.0,-1.2,82.3,5.2,286.1,79.91388,-24.09353,374.30
2022-08-24 10:00:00,2022,24,8,10,-36.0,-1.15,82.5,5.4,285.9,79.91387,-24.09358,374.30
2022-08-24 11:00:00,2022,24,8,11,-36.0,-1.067,82.3,5.1,286.3,79.91387,-24.09350,374.30
2022-08-24 12:00:00,2022,24,8,12,-35.0,-0.7,82.6,4.3,284.2,79.91386,-24.09361,374.30
2022-08-24 13:00:00,2022,24,8,13,-35.0,-0.233,81.3,3.1,284.2,79.91387,-24.09342,374.30
2022-08-24 14:00:00,2022,24,8,14,-35.0,-0.317,79.9,3.0,287.8,79.91387,-24.09339,374.30
2022-08-24 15:00:00,2022,24,8,15,-35.0,0.15,77.6,2.0,286.9,79.91386,-24.09346,374.30
2022-08-24 16:00:00,2022,24,8,16,-35.0,-0.2,79.1,3.2,270.8,79.91388,-24.09356,374.30
2022-08-24 17:00:00,2022,24,8,17,-35.0,-0.833,81.5,4.5,262.0,79.91388,-24.09345,374.30
2022-08-24 18:00:00,2022,24,8,18,-35.0,-1.117,81.5,5.2,264.1,79.91388,-24.09354,374.30
2022-08-24 19:00:00,2022,24,8,19,-34.0,-1.483,81.9,4.8,263.0,79.91387,-24.09339,374.30
2022-08-24 20:00:00,2022,24,8,20,-34.0,-1.633,81.7,4.3,258.3,79.91389,-24.09355,374.30
2022-08-24 21:00:00,2022,24,8,21,-33.0,-2.217,80.0,4.1,267.0,79.91387,-24.09350,374.30
2022-08-24 22:00:00,2022,24,8,22,-33.0,-3.533,79.7,5.5,280.0,79.91386,-24.09359,374.30
2022-08-24 23:00:00,2022,24,8,23,-33.0,-3.183,80.8,4.2,304.1,79.91385,-24.09355,374.30
2022-08-25 00:00:00,2022,25,8,0,-32.0,-3.2,82.0,4.4,323.9,79.91387,-24.09349,374.28
2022-08-25 01:00:00,2022,25,8,1,-32.0,-3.283,81.5,4.5,318.4,79.91389,-24.09355,374.28
2022-08-25 02:00:00,2022,25,8,2,-32.0,-3.4,78.4,3.7,317.0,79.91387,-24.09342,374.28
2022-08-25 03:00:00,2022,25,8,3,-31.0,-2.917,74.0,4.1,335.8,79.91386,-24.09345,374.28
2022-08-25 04:00:00,2022,25,8,4,-31.0,-1.917,70.8,4.2,342.9,79.91386,-24.09348,374.28
2022-08-25 05:00:00,2022,25,8,5,-31.0,-1.217,69.0,5.3,337.9,79.91386,-24.09350,374.28
2022-08-25 06:00:00,2022,25,8,6,-31.0,-0.75,70.0,5.8,316.0,79.91388,-24.09342,374.28
2022-08-25 07:00:00,2022,25,8,7,-31.0,-0.15,69.7,6.4,314.7,79.91387,-24.09353,374.28
2022-08-25 08:00:00,2022,25,8,8,-31.0,0.217,70.6,6.6,314.8,79.91386,-24.09350,374.28
2022-08-25 09:00:00,2022,25,8,9,-31.0,0.917,69.8,7.1,317.5,79.91385,-24.09337,374.28
2022-08-25 10:00:00,2022,25,8,10,-30.0,1.267,70.8,6.6,323.9,79.91386,-24.09353,374.28
2022-08-25 11:00:00,2022,25,8,11,-30.0,1.25,74.8,4.5,335.5,79.91387,-24.09356,374.28
2022-08-25 12:00:00,2022,25,8,12,-30.0,1.467,73.8,4.1,334.3,79.91387,-24.09351,374.28
2022-08-25 13:00:00,2022,25,8,13,-30.0,1.75,74.2,4.0,327.0,79.91387,-24.09344,374.28
2022-08-25 14:00:00,2022,25,8,14,-30.0,2.1,73.3,3.5,340.1,79.91388,-24.09342,374.28
2022-08-25 15:00:00,2022,25,8,15,-30.0,2.033,76.2,3.4,323.6,79.91387,-24.09337,374.28
2022-08-25 16:00:00,2022,25,8,16,-30.0,2.15,76.1,4.2,323.5,79.91387,-24.09357,374.28
2022-08-25 17:00:00,2022,25,8,17,-30.0,2.35,74.4,4.0,314.9,79.91389,-24.09343,374.28
2022-08-25 18:00:00,2022,25,8,18,-30.0,2.433,72.8,4.1,316.7,79.91389,-24.09358,374.28
2022-08-25 19:00:00,2022,25,8,19,-30.0,2.1,73.6,4.2,312.6,79.91387,-24.09346,374.28
2022-08-25 20:00:00,2022,25,8,20,-30.0,1.617,74.6,3.9,307.4,79.91388,-24.09342,374.28
2022-08-25 21:00:00,2022,25,8,21,-30.0,1.183,74.0,4.3,296.8,79.91386,-24.09345,374.28
2022-08-25 22:00:00,2022,25,8,22,-29.0,0.5,75.1,4.5,292.3,79.91387,-24.09345,374.28
2022-08-25 23:00:00,2022,25,8,23,-29.0,-1.4,78.8,5.6,282.7,79.91386,-24.09364,374.28
2022-08-26 00:00:00,2022,26,8,0,-30.0,-2.35,77.7,6.6,281.5,79.91387,-24.09358,374.27
2022-08-26 01:00:00,2022,26,8,1,-29.0,-2.467,77.3,5.7,281.8,79.91387,-24.09358,374.27
2022-08-26 02:00:00,2022,26,8,2,-29.0,-3.217,78.0,5.6,286.5,79.91385,-24.09346,374.27
2022-08-26 03:00:00,2022,26,8,3,nan,-3.067,75.7,5.6,281.8,79.91385,-24.09346,374.27
2022-08-26 04:00:00,2022,26,8,4,-29.0,-3.05,75.2,5.7,277.4,79.91387,-24.09351,374.27
2022-08-26 05:00:00,2022,26,8,5,-29.0,-2.983,75.0,5.4,279.1,79.91386,-24.09347,374.27
2022-08-26 06:00:00,2022,26,8,6,-29.0,-2.617,75.3,4.9,281.4,79.91385,-24.09333,374.27
2022-08-26 07:00:00,2022,26,8,7,-29.0,-1.667,75.5,2.7,275.7,79.91386,-24.09351,374.27
2022-08-26 08:00:00,2022,26,8,8,-29.0,-1.467,76.9,3.0,272.0,79.91388,-24.09363,374.27
2022-08-26 09:00:00,2022,26,8,9,-28.0,-0.867,77.2,2.4,271.1,79.91388,-24.09351,374.27
2022-08-26 10:00:00,2022,26,8,10,-28.0,0.117,74.1,2.6,244.0,79.91387,-24.09354,374.27
2022-08-26 11:00:00,2022,26,8,11,-28.0,0.35,76.9,2.7,249.2,79.91388,-24.09354,374.27
2022-08-26 12:00:00,2022,26,8,12,-28.0,0.95,76.2,2.4,240.2,79.91387,-24.09356,374.27
2022-08-26 13:00:00,2022,26,8,13,-29.0,1.05,76.1,2.9,241.2,79.91387,-24.09358,374.27
2022-08-26 14:00:00,2022,26,8,14,-29.0,1.05,75.7,3.3,236.0,79.91388,-24.09349,374.27
2022-08-26 15:00:00,2022,26,8,15,-29.0,1.0,75.6,4.0,232.8,79.91386,-24.09335,374.27
2022-08-26 16:00:00,2022,26,8,16,-29.0,0.933,74.7,3.7,226.3,79.91388,-24.09364,374.27
2022-08-26 17:00:00,2022,26,8,17,-29.0,0.617,75.5,3.9,235.4,79.91390,-24.09345,374.27
2022-08-26 18:00:00,2022,26,8,18,-29.0,0.233,77.1,5.2,224.4,79.91388,-24.09349,374.27
2022-08-26 19:00:00,2022,26,8,19,-29.0,-0.1,77.4,4.6,218.6,79.91387,-24.09353,374.27
2022-08-26 20:00:00,2022,26,8,20,-29.0,-0.85,79.1,4.6,226.9,79.91387,-24.09354,374.27
2022-08-26 21:00:00,2022,26,8,21,-29.0,-1.417,77.6,4.1,227.3,79.91387,-24.09352,374.27
2022-08-26 22:00:00,2022,26,8,22,-28.0,-1.883,77.8,4.2,229.9,79.91388,-24.09343,374.27
2022-08-26 23:00:00,2022,26,8,23,-28.0,-2.383,79.0,3.5,224.3,79.91388,-24.09342,374.27
2022-08-27 00:00:00,2022,27,8,0,-28.0,-3.783,79.2,2.5,275.7,79.91386,-24.09351,374.25
2022-08-27 01:00:00,2022,27,8,1,-28.0,-5.05,77.9,4.2,268.0,79.91387,-24.09354,374.25
2022-08-27 02:00:00,2022,27,8,2,-28.0,-5.033,80.8,3.1,283.9,79.91387,-24.09341,374.25
2022-08-27 03:00:00,2022,27,8,3,-28.0,-4.983,82.0,2.8,288.5,79.91386,-24.09346,374.25
2022-08-27 04:00:00,2022,27,8,4,-28.0,-4.383,81.3,2.5,306.6,79.91388,-24.09346,374.25
2022-08-27 05:00:00,2022,27,8,5,-28.0,-3.6,80.5,2.4,316.5,79.91386,-24.09348,374.25
2022-08-27 06:00:00,2022,27,8,6,-28.0,-3.25,81.1,2.5,314.2,79.91387,-24.09342,374.25
2022-08-27 07:00:00,2022,27,8,7,-28.0,-2.583,82.3,2.3,319.4,79.91385,-24.09351,374.25
2022-08-27 08:00:00,2022,27,8,8,-28.0,-1.683,83.4,1.7,320.3,79.91387,-24.09357,374.25
2022-08-27 09:00:00,2022,27,8,9,-28.0,-1.15,81.1,1.0,326.3,79.91388,-24.09348,374.25
2022-08-27 10:00:00,2022,27,8,10,-27.0,-0.7,80.7,0.7,320.9,79.91388,-24.09358,374.25
2022-08-27 11:00:00,2022,27,8,11,-27.0,-0.083,83.1,0.9,2.1,79.91388,-24.09365,374.25
2022-08-27 12:00:00,2022,27,8,12,-27.0,-0.167,85.6,2.4,347.3,79.91386,-24.09350,374.25
2022-08-27 13:00:00,2022,27,8,13,-27.0,-0.55,85.2,3.1,347.7,79.91387,-24.09359,374.25
2022-08-27 14:00:00,2022,27,8,14,-27.0,-0.517,85.8,2.8,342.5,79.91387,-24.09354,374.25
2022-08-27 15:00:00,2022,27,8,15,-28.0,-0.45,85.9,2.8,338.2,79.91385,-24.09343,374.25
2022-08-27 16:00:00,2022,27,8,16,-28.0,-0.85,89.0,3.6,329.5,79.91387,-24.09356,374.25
2022-08-27 17:00:00,2022,27,8,17,-28.0,-1.217,93.0,3.8,318.4,79.91390,-24.09349,374.25
2022-08-27 18:00:00,2022,27,8,18,-28.0,-1.267,93.6,3.6,311.4,79.91387,-24.09346,374.25
2022-08-27 19:00:00,2022,27,8,19,-28.0,-1.25,92.7,3.7,305.5,79.91387,-24.09361,374.25
2022-08-27 20:00:00,2022,27,8,20,-28.0,-1.433,90.9,2.9,302.4,79.91388,-24.09355,374.25
2022-08-27 21:00:00,2022,27,8,21,-28.0,-1.983,89.7,2.2,303.5,79.91387,-24.09352,374.25
2022-08-27 22:00:00,2022,27,8,22,-28.0,-1.133,90.8,1.9,317.8,79.91387,-24.09348,374.25
2022-08-27 23:00:00,2022,27,8,23,-28.0,-0.767,91.1,1.9,325.1,79.91387,-24.09351,374.25
2022-08-28 00:00:00,2022,28,8,0,-28.0,-0.783,90.8,2.6,335.3,79.91385,-24.09353,374.23
2022-08-28 01:00:00,2022,28,8,1,-28.0,-0.967,93.0,2.6,340.8,79.91386,-24.09350,374.23
2022-08-28 02:00:00,2022,28,8,2,-27.0,-1.233,95.2,1.6,33.5,79.91386,-24.09349,374.23
2022-08-28 03:00:00,2022,28,8,3,-28.0,-1.6,95.7,0.9,41.1,79.91386,-24.09350,374.23
2022-08-28 04:00:00,2022,28,8,4,-28.0,-1.983,98.3,0.8,69.8,79.91387,-24.09362,374.23
2022-08-28 05:00:00,2022,28,8,5,-27.0,-2.117,99.6,0.5,82.1,79.91386,-24.09351,374.23
2022-08-28 06:00:00,2022,28,8,6,-27.0,-1.983,93.9,0.6,112.4,79.91387,-24.09358,374.23
2022-08-28 07:00:00,2022,28,8,7,-27.0,-1.883,93.2,0.2,117.4,79.91387,-24.09359,374.23
2022-08-28 08:00:00,2022,28,8,8,-27.0,-1.633,90.7,0.4,48.1,79.91388,-24.09352,374.23
2022-08-28 09:00:00,2022,28,8,9,-27.0,-1.467,84.5,0.6,72.8,79.91387,-24.09365,374.23
2022-08-28 10:00:00,2022,28,8,10,-27.0,-1.367,80.6,0.4,5.3,79.91387,-24.09363,374.23
2022-08-28 11:00:00,2022,28,8,11,-27.0,-1.45,81.4,1.4,312.6,79.91387,-24.09356,374.23
2022-08-28 12:00:00,2022,28,8,12,-27.0,-1.25,79.1,0.4,289.9,79.91386,-24.09345,374.23
2022-08-28 13:00:00,2022,28,8,13,-27.0,-1.55,87.1,2.2,202.5,79.91388,-24.09356,374.23
2022-08-28 14:00:00,2022,28,8,14,-27.0,-1.883,90.4,2.8,199.6,79.91389,-24.09349,374.23
2022-08-28 15:00:00,2022,28,8,15,-26.0,-2.0,88.3,3.2,192.4,79.91386,-24.09343,374.23
2022-08-28 16:00:00,2022,28,8,16,-26.0,-1.983,86.3,3.4,203.2,79.91387,-24.09359,374.23
2022-08-28 17:00:00,2022,28,8,17,-26.0,-2.167,85.6,3.1,203.7,79.91388,-24.09350,374.23
2022-08-28 18:00:00,2022,28,8,18,-26.0,-2.533,84.0,3.2,186.5,79.91387,-24.09354,374.23
2022-08-28 19:00:00,2022,28,8,19,-26.0,-2.817,83.8,3.2,187.8,79.91389,-24.09357,374.23
2022-08-28 20:00:00,2022,28,8,20,-26.0,-2.95,84.3,2.8,196.2,79.91386,-24.09354,374.23
2022-08-28 21:00:00,2022,28,8,21,-26.0,-3.133,84.0,2.1,175.5,79.91388,-24.09341,374.23
2022-08-28 22:00:00,2022,28,8,22,-26.0,-3.067,83.6,2.4,178.7,79.91387,-24.09345,374.23
2022-08-28 23:00:00,2022,28,8,23,-26.0,-3.033,82.8,2.9,189.6,79.91387,-24.09343,374.23
2022-08-29 00:00:00,2022,29,8,0,-26.0,-3.233,82.9,2.5,198.4,79.91385,-24.09346,374.22
2022-08-29 01:00:00,2022,29,8,1,-26.0,-3.2,80.9,2.3,166.4,79.91386,-24.09345,374.22
2022-08-29 02:00:00,2022,29,8,2,-26.0,-3.633,80.4,2.6,218.4,79.91387,-24.09349,374.22
2022-08-29 03:00:00,2022,29,8,3,-26.0,-4.383,82.5,3.9,259.0,79.91385,-24.09351,374.22
2022-08-29 04:00:00,2022,29,8,4,-26.0,-4.65,82.8,3.8,241.1,79.91388,-24.09354,374.22
2022-08-29 05:00:00,2022,29,8,5,-26.0,-5.467,81.3,5.5,248.2,79.91387,-24.09346,374.22
2022-08-29 06:00:00,2022,29,8,6,-26.0,-5.55,80.0,6.7,255.7,79.91386,-24.09344,374.22
2022-08-29 07:00:00,2022,29,8,7,-25.0,-4.983,77.2,6.3,246.7,79.91387,-24.09358,374.22
2022-08-29 08:00:00,2022,29,8,8,-25.0,-4.6,75.2,5.8,247.0,79.91389,-24.09358,374.22
2022-08-29 09:00:00,2022,29,8,9,-25.0,-4.767,76.3,6.8,247.3,79.91388,-24.09360,374.22
2022-08-29 10:00:00,2022,29,8,10,-25.0,-4.983,79.2,7.5,258.6,79.91392,-24.09363,374.22
2022-08-29 11:00:00,2022,29,8,11,-25.0,-4.433,78.5,6.8,260.8,79.91388,-24.09358,374.22
2022-08-29 12:00:00,2022,29,8,12,-25.0,-3.917,77.7,4.7,253.9,79.91387,-24.09346,374.22
2022-08-29 13:00:00,2022,29,8,13,-25.0,-3.35,74.0,3.5,248.9,79.91387,-24.09356,374.22
2022-08-29 14:00:00,2022,29,8,14,-25.0,-3.167,74.1,3.5,244.0,79.91387,-24.09351,374.22
2022-08-29 15:00:00,2022,29,8,15,-25.0,-3.083,75.1,3.3,254.3,79.91387,-24.09349,374.22
2022-08-29 16:00:00,2022,29,8,16,-25.0,-3.067,76.2,3.2,252.7,79.91388,-24.09365,374.22
2022-08-29 17:00:00,2022,29,8,17,-25.0,-3.15,75.1,3.4,251.7,79.91387,-24.09344,374.22
2022-08-29 18:00:00,2022,29,8,18,-25.0,-3.233,76.6,3.3,248.2,79.91387,-24.09355,374.22
2022-08-29 19:00:00,2022,29,8,19,-25.0,-3.5,77.5,3.7,252.8,79.91388,-24.09351,374.22
2022-08-29 20:00:00,2022,29,8,20,-25.0,-3.933,77.4,4.3,257.7,79.91386,-24.09356,374.22
2022-08-29 21:00:00,2022,29,8,21,-25.0,-4.383,78.2,4.6,254.6,79.91386,-24.09354,374.22
2022-08-29 22:00:00,2022,29,8,22,-25.0,-4.483,78.6,4.8,251.6,79.91387,-24.09342,374.22
2022-08-29 23:00:00,2022,29,8,23,-25.0,-4.217,80.0,3.7,237.3,79.91387,-24.09340,374.22
2022-08-30 00:00:00,2022,30,8,0,-25.0,-4.133,80.7,3.4,229.6,79.91386,-24.09354,374.20
2022-08-30 01:00:00,2022,30,8,1,-25.0,-5.017,80.0,4.1,249.4,79.91386,-24.09352,374.20
2022-08-30 02:00:00,2022,30,8,2,-25.0,-5.0,80.2,4.9,252.8,79.91387,-24.09356,374.20
2022-08-30 03:00:00,2022,30,8,3,-25.0,-4.967,81.8,4.2,247.4,79.91384,-24.09352,374.20
2022-08-30 04:00:00,2022,30,8,4,-25.0,-4.933,83.0,3.8,245.9,79.91387,-24.09352,374.20
2022-08-30 05:00:00,2022,30,8,5,-24.0,-4.167,84.6,2.9,206.0,79.91387,-24.09343,374.20
2022-08-30 06:00:00,2022,30,8,6,-24.0,-3.817,82.5,3.9,188.2,79.91387,-24.09346,374.20
2022-08-30 07:00:00,2022,30,8,7,-24.0,-3.85,84.3,4.9,197.2,79.91388,-24.09352,374.20
2022-08-30 08:00:00,2022,30,8,8,-24.0,-3.9,85.7,5.1,182.6,79.91389,-24.09349,374.20
2022-08-30 09:00:00,2022,30,8,9,-24.0,-4.1,89.6,4.8,177.6,79.91390,-24.09357,374.20
2022-08-30 10:00:00,2022,30,8,10,-25.0,-4.117,87.9,5.0,176.9,79.91387,-24.09354,374.20
2022-08-30 11:00:00,2022,30,8,11,-25.0,-4.233,87.7,5.6,198.1,79.91388,-24.09349,374.20
2022-08-30 12:00:00,2022,30,8,12,-25.0,-4.083,84.6,6.1,191.4,79.91388,-24.09344,374.20
2022-08-30 13:00:00,2022,30,8,13,-25.0,-4.467,87.3,6.7,192.6,79.91387,-24.09353,374.20
2022-08-30 14:00:00,2022,30,8,14,-26.0,-4.517,89.0,6.2,193.5,79.91388,-24.09358,374.20
2022-08-30 15:00:00,2022,30,8,15,-26.0,-4.383,87.6,6.1,188.3,79.91388,-24.09350,374.20
2022-08-30 16:00:00,2022,30,8,16,-27.0,-4.383,86.5,6.3,188.5,79.91387,-24.09358,374.20
2022-08-30 17:00:00,2022,30,8,17,-27.0,-4.633,82.3,7.3,190.1,79.91387,-24.09344,374.20
2022-08-30 18:00:00,2022,30,8,18,-27.0,-4.483,74.7,6.8,190.0,79.91387,-24.09350,374.20
2022-08-30 19:00:00,2022,30,8,19,-28.0,-4.667,75.0,7.0,182.7,79.91386,-24.09351,374.20
2022-08-30 20:00:00,2022,30,8,20,-28.0,-4.933,77.7,7.1,199.8,79.91386,-24.09346,374.20
2022-08-30 21:00:00,2022,30,8,21,-28.0,-5.067,86.1,7.1,199.9,79.91387,-24.09344,374.20
2022-08-30 22:00:00,2022,30,8,22,-29.0,-5.433,91.2,7.1,194.8,79.91385,-24.09341,374.20
2022-08-30 23:00:00,2022,30,8,23,-29.0,-5.967,89.5,7.3,204.4,79.91387,-24.09341,374.20
2022-08-31 00:00:00,2022,31,8,0,-29.0,-6.4,91.3,7.9,202.3,79.91385,-24.09344,374.18
2022-08-31 01:00:00,2022,31,8,1,-29.0,-6.617,91.8,7.8,207.1,79.91387,-24.09348,374.18
2022-08-31 02:00:00,2022,31,8,2,-29.0,-6.65,94.4,7.3,212.0,79.91387,-24.09352,374.18
2022-08-31 03:00:00,2022,31,8,3,-30.0,-6.183,95.2,6.4,196.7,79.91386,-24.09355,374.18
2022-08-31 04:00:00,2022,31,8,4,-30.0,-6.067,95.0,6.0,195.0,79.91387,-24.09342,374.18
2022-08-31 05:00:00,2022,31,8,5,nan,-6.233,95.1,5.5,188.4,79.91387,-24.09349,374.18
2022-08-31 06:00:00,2022,31,8,6,-30.0,-6.2,94.8,5.4,191.0,79.91386,-24.09349,374.18
2022-08-31 07:00:00,2022,31,8,7,nan,-6.25,94.6,5.5,204.0,79.91389,-24.09351,374.18
2022-08-31 08:00:00,2022,31,8,8,nan,-6.117,94.4,5.4,200.5,79.91388,-24.09351,374.18
2022-08-31 09:00:00,2022,31,8,9,-31.0,-5.933,94.5,5.3,204.2,79.91387,-24.09351,374.18
2022-08-31 10:00:00,2022,31,8,10,-31.0,-5.683,94.4,5.8,201.1,79.91386,-24.09371,374.18
2022-08-31 11:00:00,2022,31,8,11,-31.0,-5.4,94.4,5.5,196.3,79.91388,-24.09348,374.18
2022-08-31 12:00:00,2022,31,8,12,-31.0,-5.117,92.5,5.4,205.4,79.91387,-24.09345,374.18
2022-08-31 13:00:00,2022,31,8,13,-31.0,-4.75,87.3,5.3,214.0,79.91386,-24.09352,374.18
2022-08-31 14:00:00,2022,31,8,14,-31.0,-4.3,85.5,4.7,197.6,79.91386,-24.09350,374.18
2022-08-31 15:00:00,2022,31,8,15,-31.0,-4.133,85.2,5.4,189.4,79.91387,-24.09342,374.18
2022-08-31 16:00:00,2022,31,8,16,-32.0,-4.033,85.4,4.7,187.7,79.91388,-24.09360,374.18
2022-08-31 17:00:00,2022,31,8,17,-32.0,-4.2,87.3,4.9,196.2,79.91389,-24.09349,374.18
2022-08-31 18:00:00,2022,31,8,18,-32.0,-4.167,87.1,5.6,205.0,79.91387,-24.09355,374.18
2022-08-31 19:00:00,2022,31,8,19,-31.0,-4.033,87.1,4.6,192.9,79.91387,-24.09355,374.18
2022-08-31 20:00:00,2022,31,8,20,-31.0,-3.817,86.5,4.6,200.4,79.91388,-24.09339,374.18
2022-08-31 21:00:00,2022,31,8,21,-31.0,-3.367,86.6,3.5,212.4,79.91386,-24.09343,374.18
2022-08-31 22:00:00,2022,31,8,22,-31.0,-2.717,90.3,3.6,203.8,79.91385,-24.09340,374.18
2022-08-31 23:00:00,2022,31,8,23,-30.0,-2.483,92.0,3.2,197.2,79.91387,-24.09338,374.18
2022-09-01 00:00:00,2022,1,9,0,-30.0,-2.6,95.9,1.7,175.0,79.91385,-24.09344,374.17
2022-09-01 01:00:00,2022,1,9,1,-30.0,-2.867,98.6,1.3,75.3,79.91387,-24.09344,374.17
2022-09-01 02:00:00,2022,1,9,2,-30.0,-2.983,98.8,1.0,47.0,79.91388,-24.09360,374.17
2022-09-01 03:00:00,2022,1,9,3,-30.0,-2.967,98.3,0.4,6.8,79.91385,-24.09354,374.17
2022-09-01 04:00:00,2022,1,9,4,-30.0,-2.85,98.2,0.8,343.0,79.91388,-24.09346,374.17
2022-09-01 05:00:00,2022,1,9,5,-30.0,-2.7,98.3,1.0,359.8,79.91387,-24.09350,374.17
2022-09-01 06:00:00,2022,1,9,6,-29.0,-2.617,98.3,1.4,333.8,79.91387,-24.09350,374.17
2022-09-01 07:00:00,2022,1,9,7,-29.0,-2.3,98.5,1.0,337.8,79.91387,-24.09351,374.17
2022-09-01 08:00:00,2022,1,9,8,-29.0,-2.15,98.6,1.4,12.0,79.91388,-24.09350,374.17
2022-09-01 09:00:00,2022,1,9,9,-29.0,-1.817,98.8,1.4,9.9,79.91388,-24.09355,374.17
2022-09-01 10:00:00,2022,1,9,10,-28.0,-1.633,98.9,1.5,342.6,79.91386,-24.09365,374.17
2022-09-01 11:00:00,2022,1,9,11,-28.0,-1.483,98.8,1.8,352.2,79.91388,-24.09355,374.17
2022-09-01 12:00:00,2022,1,9,12,-28.0,-1.317,98.6,2.0,7.8,79.91387,-24.09348,374.17
2022-09-01 13:00:00,2022,1,9,13,-28.0,-0.917,98.0,2.1,352.4,79.91384,-24.09350,374.17
2022-09-01 14:00:00,2022,1,9,14,-27.0,-0.7,96.7,2.6,346.9,79.91385,-24.09355,374.17
2022-09-01 15:00:00,2022,1,9,15,-27.0,-0.45,97.0,2.9,353.0,79.91387,-24.09349,374.17
2022-09-01 16:00:00,2022,1,9,16,-26.0,-0.217,96.8,3.2,349.4,79.91387,-24.09346,374.17
2022-09-01 17:00:00,2022,1,9,17,-26.0,-0.183,93.7,3.8,349.3,79.91388,-24.09347,374.17
2022-09-01 18:00:00,2022,1,9,18,-25.0,-0.567,93.8,3.5,347.7,79.91387,-24.09352,374.17
2022-09-01 19:00:00,2022,1,9,19,-24.0,-0.917,92.1,3.2,340.2,79.91387,-24.09355,374.17
2022-09-01 20:00:00,2022,1,9,20,-24.0,-0.517,88.1,2.9,355.2,79.91386,-24.09352,374.17
2022-09-01 21:00:00,2022,1,9,21,-23.0,-0.883,88.2,1.9,19.2,79.91386,-24.09343,374.17
2022-09-01 22:00:00,2022,1,9,22,-23.0,-0.7,86.5,2.6,356.5,79.91387,-24.09338,374.17
2022-09-01 23:00:00,2022,1,9,23,-22.0,-1.183,88.7,1.4,21.4,79.91387,-24.09342,374.17
2022-09-02 00:00:00,2022,2,9,0,-22.0,-1.133,76.4,5.1,321.9,79.91385,-24.09340,374.15
2022-09-02 01:00:00,2022,2,9,1,-22.0,-1.3,66.1,7.9,298.4,79.91386,-24.09343,374.15
2022-09-02 02:00:00,2022,2,9,2,-22.0,-2.283,67.5,8.7,296.2,79.91387,-24.09358,374.15
2022-09-02 03:00:00,2022,2,9,3,-22.0,-3.5,69.5,9.1,281.2,79.91384,-24.09354,374.15
2022-09-02 04:00:00,2022,2,9,4,-22.0,-3.7,68.9,9.6,282.4,79.91387,-24.09350,374.15
2022-09-02 05:00:00,2022,2,9,5,-22.0,-2.917,67.5,7.6,285.8,79.91387,-24.09355,374.15
2022-09-02 06:00:00,2022,2,9,6,-22.0,-3.55,68.2,8.1,292.4,79.91387,-24.09354,374.15
2022-09-02 07:00:00,2022,2,9,7,-22.0,-3.65,66.3,8.7,291.3,79.91388,-24.09354,374.15
2022-09-02 08:00:00,2022,2,9,8,-23.0,-3.517,67.3,8.1,293.7,79.91389,-24.09352,374.15
2022-09-02 09:00:00,2022,2,9,9,-23.0,-2.617,67.7,6.5,288.2,79.91389,-24.09356,374.15
2022-09-02 10:00:00,2022,2,9,10,-23.0,-2.183,68.7,6.3,287.4,79.91384,-24.09358,374.15
2022-09-02 11:00:00,2022,2,9,11,-24.0,-1.383,68.2,6.0,291.3,79.91387,-24.09355,374.15
2022-09-02 12:00:00,2022,2,9,12,-25.0,-0.767,66.3,7.0,285.9,79.91387,-24.09346,374.15
2022-09-02 13:00:00,2022,2,9,13,-26.0,-0.317,64.8,6.5,291.0,79.91386,-24.09350,374.15
2022-09-02 14:00:00,2022,2,9,14,-27.0,-0.433,65.7,6.2,278.1,79.91389,-24.09353,374.15
2022-09-02 15:00:00,2022,2,9,15,-28.0,-0.683,67.5,7.5,269.2,79.91389,-24.09349,374.15
2022-09-02 16:00:00,2022,2,9,16,-29.0,0.333,62.6,7.4,256.0,79.91388,-24.09348,374.15
2022-09-02 17:00:00,2022,2,9,17,-29.0,1.533,57.7,4.2,203.1,79.91389,-24.09355,374.15
2022-09-02 18:00:00,2022,2,9,18,-29.0,0.083,62.3,3.1,203.7,79.91387,-24.09354,374.15
2022-09-02 19:00:00,2022,2,9,19,-30.0,-1.567,69.2,3.7,243.5,79.91387,-24.09347,374.15
2022-09-02 20:00:00,2022,2,9,20,-31.0,-2.567,70.9,3.7,236.1,79.91387,-24.09348,374.15
2022-09-02 21:00:00,2022,2,9,21,-31.0,-2.667,67.7,4.4,247.4,79.91386,-24.09339,374.15
2022-09-02 22:00:00,2022,2,9,22,-32.0,-3.1,71.0,3.3,230.0,79.91385,-24.09349,374.15
2022-09-02 23:00:00,2022,2,9,23,-32.0,-4.4,75.5,3.7,271.6,79.91387,-24.09347,374.15
2022-09-03 00:00:00,2022,3,9,0,-32.0,-3.617,71.0,3.1,248.2,79.91386,-24.09344,374.13
2022-09-03 01:00:00,2022,3,9,1,-33.0,-3.35,69.1,1.8,289.4,79.91386,-24.09348,374.13
2022-09-03 02:00:00,2022,3,9,2,-33.0,-4.05,72.5,3.7,281.5,79.91388,-24.09352,374.13
2022-09-03 03:00:00,2022,3,9,3,-34.0,-4.35,74.2,4.0,287.2,79.91385,-24.09353,374.13
2022-09-03 04:00:00,2022,3,9,4,nan,-3.333,70.0,2.5,285.9,79.91388,-24.09344,374.13
2022-09-03 05:00:00,2022,3,9,5,-34.0,-2.567,71.5,1.8,268.6,79.91389,-24.09355,374.13
2022-09-03 06:00:00,2022,3,9,6,-34.0,-2.75,74.3,1.4,260.7,79.91387,-24.09355,374.13
2022-09-03 07:00:00,2022,3,9,7,-35.0,-2.15,75.6,1.4,245.7,79.91388,-24.09349,374.13
2022-09-03 08:00:00,2022,3,9,8,-34.0,-1.883,72.0,0.9,251.7,79.91388,-24.09353,374.13
2022-09-03 09:00:00,2022,3,9,9,-34.0,-2.383,77.3,1.7,247.1,79.91388,-24.09359,374.13
2022-09-03 10:00:00,2022,3,9,10,-34.0,-1.417,78.7,1.6,228.3,79.91387,-24.09352,374.13
2022-09-03 11:00:00,2022,3,9,11,-34.0,-0.417,73.2,0.8,246.5,79.91389,-24.09346,374.13
2022-09-03 12:00:00,2022,3,9,12,-34.0,0.167,74.2,1.1,215.2,79.91387,-24.09347,374.13
2022-09-03 13:00:00,2022,3,9,13,-34.0,-0.117,75.7,1.3,24.0,79.91387,-24.09343,374.13
2022-09-03 14:00:00,2022,3,9,14,-34.0,1.867,71.8,2.2,15.0,79.91387,-24.09342,374.13
2022-09-03 15:00:00,2022,3,9,15,-34.0,3.317,67.0,2.9,45.4,79.91387,-24.09349,374.13
2022-09-03 16:00:00,2022,3,9,16,-34.0,6.0,66.8,3.5,13.9,79.91388,-24.09352,374.13
2022-09-03 17:00:00,2022,3,9,17,-34.0,5.5,71.8,3.5,3.2,79.91388,-24.09348,374.13
2022-09-03 18:00:00,2022,3,9,18,-34.0,5.25,70.0,1.8,339.9,79.91385,-24.09350,374.13
2022-09-03 19:00:00,2022,3,9,19,-34.0,4.833,75.8,2.4,340.4,79.91388,-24.09344,374.13
2022-09-03 20:00:00,2022,3,9,20,-33.0,4.65,76.6,2.0,301.7,79.91387,-24.09340,374.13
2022-09-03 21:00:00,2022,3,9,21,-33.0,3.95,79.5,2.5,308.1,79.91386,-24.09346,374.13
2022-09-03 22:00:00,2022,3,9,22,-33.0,3.433,82.3,2.7,318.6,79.91384,-24.09360,374.13
2022-09-03 23:00:00,2022,3,9,23,-32.0,1.267,80.3,3.7,338.3,79.91387,-24.09350,374.13
2022-09-04 00:00:00,2022,4,9,0,-32.0,1.367,83.3,2.3,1.5,79.91385,-24.09344,374.12
2022-09-04 01:00:00,2022,4,9,1,-31.0,0.583,86.0,3.1,351.4,79.91387,-24.09345,374.12
2022-09-04 02:00:00,2022,4,9,2,-30.0,0.35,87.4,1.8,319.9,79.91389,-24.09353,374.12
2022-09-04 03:00:00,2022,4,9,3,-30.0,0.75,89.4,1.9,243.3,79.91386,-24.09341,374.12
2022-09-04 04:00:00,2022,4,9,4,-29.0,0.7,90.3,1.1,285.4,79.91387,-24.09342,374.12
2022-09-04 05:00:00,2022,4,9,5,-29.0,0.6,88.0,1.3,12.4,79.91387,-24.09354,374.12
2022-09-04 06:00:00,2022,4,9,6,-28.0,0.583,87.9,2.9,19.3,79.91387,-24.09348,374.12
2022-09-04 07:00:00,2022,4,9,7,-28.0,0.783,86.6,1.4,18.3,79.91386,-24.09337,374.12
2022-09-04 08:00:00,2022,4,9,8,-28.0,2.95,78.5,1.8,323.1,79.91388,-24.09346,374.12
2022-09-04 09:00:00,2022,4,9,9,-27.0,4.233,73.5,3.5,322.5,79.91388,-24.09344,374.12
2022-09-04 10:00:00,2022,4,9,10,-27.0,4.683,71.9,7.5,287.9,79.91385,-24.09355,374.12
2022-09-04 11:00:00,2022,4,9,11,-27.0,4.517,72.5,7.4,290.5,79.91387,-24.09346,374.12
2022-09-04 12:00:00,2022,4,9,12,-27.0,4.5,73.3,6.0,294.2,79.91388,-24.09352,374.12
2022-09-04 13:00:00,2022,4,9,13,-27.0,4.417,74.5,6.3,293.6,79.91387,-24.09344,374.12
2022-09-04 14:00:00,2022,4,9,14,-27.0,4.25,75.7,5.5,291.1,79.91387,-24.09345,374.12
2022-09-04 15:00:00,2022,4,9,15,-27.0,3.917,77.2,6.2,288.2,79.91388,-24.09346,374.12
2022-09-04 16:00:00,2022,4,9,16,-27.0,3.917,79.2,3.3,335.0,79.91387,-24.09352,374.12
2022-09-04 17:00:00,2022,4,9,17,-27.0,2.517,90.7,0.9,64.7,79.91388,-24.09348,374.12
2022-09-04 18:00:00,2022,4,9,18,-27.0,3.217,85.1,1.8,83.1,79.91386,-24.09351,374.12
2022-09-04 19:00:00,2022,4,9,19,-27.0,1.317,95.8,1.2,24.9,79.91387,-24.09354,374.12
2022-09-04 20:00:00,2022,4,9,20,-27.0,1.15,93.8,1.5,248.7,79.91388,-24.09345,374.12
2022-09-04 21:00:00,2022,4,9,21,-27.0,0.6,90.8,1.9,199.9,79.91386,-24.09339,374.12
2022-09-04 22:00:00,2022,4,9,22,-27.0,-0.3,91.1,4.0,205.5,79.91386,-24.09349,374.12
2022-09-04 23:00:00,2022,4,9,23,-27.0,-1.15,92.9,4.8,198.7,79.91388,-24.09350,374.12
2022-09-05 00:00:00,2022,5,9,0,-27.0,-1.667,93.8,4.8,200.6,79.91386,-24.09344,374.10
2022-09-05 01:00:00,2022,5,9,1,-28.0,-2.25,97.4,3.4,184.9,79.91386,-24.09346,374.10
2022-09-05 02:00:00,2022,5,9,2,-28.0,-2.7,99.2,3.6,207.0,79.91388,-24.09346,374.10
2022-09-05 03:00:00,2022,5,9,3,-28.0,-3.017,98.4,3.5,201.8,79.91386,-24.09349,374.10
2022-09-05 04:00:00,2022,5,9,4,-28.0,-3.183,98.1,4.0,207.0,79.91387,-24.09348,374.10
2022-09-05 05:00:00,2022,5,9,5,-28.0,-3.25,97.9,3.9,212.2,79.91387,-24.09348,374.10
2022-09-05 06:00:00,2022,5,9,6,-29.0,-3.283,97.9,3.8,203.6,79.91387,-24.09358,374.10
2022-09-05 07:00:00,2022,5,9,7,-29.0,-3.117,97.9,3.6,199.1,79.91387,-24.09331,374.10
2022-09-05 08:00:00,2022,5,9,8,-29.0,-2.6,97.6,3.8,198.3,79.91388,-24.09349,374.10
2022-09-05 09:00:00,2022,5,9,9,-29.0,-2.367,97.1,4.1,200.4,79.91387,-24.09348,374.10
2022-09-05 10:00:00,2022,5,9,10,-30.0,-1.983,96.9,4.9,210.0,79.91386,-24.09351,374.10
2022-09-05 11:00:00,2022,5,9,11,-30.0,-1.567,94.8,4.4,183.6,79.91388,-24.09347,374.10
2022-09-05 12:00:00,2022,5,9,12,-30.0,-1.183,91.1,3.8,185.7,79.91387,-24.09343,374.10
2022-09-05 13:00:00,2022,5,9,13,-31.0,-0.883,90.6,4.0,190.1,79.91385,-24.09335,374.10
2022-09-05 14:00:00,2022,5,9,14,-31.0,-0.317,87.6,4.4,194.0,79.91387,-24.09348,374.10
2022-09-05 15:00:00,2022,5,9,15,-31.0,0.117,84.5,5.0,196.2,79.91388,-24.09359,374.10
2022-09-05 16:00:00,2022,5,9,16,-32.0,-0.25,87.2,5.0,195.4,79.91386,-24.09342,374.10
2022-09-05 17:00:00,2022,5,9,17,-32.0,-0.6,88.3,4.5,191.1,79.91386,-24.09340,374.10
2022-09-05 18:00:00,2022,5,9,18,-32.0,-1.3,91.5,4.6,210.0,79.91386,-24.09343,374.10
2022-09-05 19:00:00,2022,5,9,19,-32.0,-1.883,93.9,3.2,204.0,79.91388,-24.09336,374.10
2022-09-05 20:00:00,2022,5,9,20,-32.0,-1.783,92.6,2.0,203.2,79.91387,-24.09348,374.10
2022-09-05 21:00:00,2022,5,9,21,-32.0,-2.167,94.4,1.5,200.9,79.91387,-24.09341,374.10
2022-09-05 22:00:00,2022,5,9,22,-32.0,-2.583,96.8,0.7,185.8,79.91389,-24.09344,374.10
2022-09-05 23:00:00,2022,5,9,23,-32.0,-2.7,98.0,0.2,1.1,79.91388,-24.09353,374.10
2022-09-06 00:00:00,2022,6,9,0,-33.0,-2.45,97.1,0.4,197.0,79.91385,-24.09347,374.08
2022-09-06 01:00:00,2022,6,9,1,-33.0,-2.417,97.8,0.4,171.4,79.91387,-24.09352,374.08
2022-09-06 02:00:00,2022,6,9,2,-33.0,-2.8,99.7,0.5,156.7,79.91387,-24.09346,374.08
2022-09-06 03:00:00,2022,6,9,3,-33.0,-2.033,99.6,1.1,229.8,79.91386,-24.09349,374.08
2022-09-06 04:00:00,2022,6,9,4,-34.0,-0.95,94.4,1.9,244.2,79.91385,-24.09341,374.08
2022-09-06 05:00:00,2022,6,9,5,-34.0,1.167,84.2,1.8,261.9,79.91387,-24.09344,374.08
2022-09-06 06:00:00,2022,6,9,6,-34.0,-1.117,91.3,1.1,33.1,79.91385,-24.09355,374.08
2022-09-06 07:00:00,2022,6,9,7,-34.0,-0.183,88.1,1.3,316.5,79.91387,-24.09332,374.08
2022-09-06 08:00:00,2022,6,9,8,-34.0,-0.3,87.6,0.5,35.3,79.91388,-24.09346,374.08
2022-09-06 09:00:00,2022,6,9,9,-34.0,-1.8,94.9,0.7,280.0,79.91387,-24.09350,374.08
2022-09-06 10:00:00,2022,6,9,10,-34.0,0.017,88.6,0.7,239.7,79.91384,-24.09352,374.08
2022-09-06 11:00:00,2022,6,9,11,-34.0,2.0,82.8,0.7,271.6,79.91387,-24.09352,374.08
2022-09-06 12:00:00,2022,6,9,12,-34.0,2.667,81.5,1.4,250.8,79.91389,-24.09350,374.08
2022-09-06 13:00:00,2022,6,9,13,-34.0,3.117,81.3,1.2,315.3,79.91387,-24.09333,374.08
2022-09-06 14:00:00,2022,6,9,14,-34.0,2.867,83.5,1.3,334.2,79.91388,-24.09349,374.08
2022-09-06 15:00:00,2022,6,9,15,-34.0,3.417,82.1,2.1,338.2,79.91387,-24.09350,374.08
2022-09-06 16:00:00,2022,6,9,16,-34.0,4.083,79.3,2.9,340.6,79.91387,-24.09344,374.08
2022-09-06 17:00:00,2022,6,9,17,-34.0,3.917,80.5,2.5,4.4,79.91388,-24.09346,374.08
2022-09-06 18:00:00,2022,6,9,18,-34.0,3.7,82.6,2.5,9.6,79.91386,-24.09341,374.08
2022-09-06 19:00:00,2022,6,9,19,-34.0,3.633,83.1,4.4,351.8,79.91385,-24.09340,374.08
2022-09-06 20:00:00,2022,6,9,20,-33.0,3.533,82.8,5.6,333.9,79.91388,-24.09342,374.08
2022-09-06 21:00:00,2022,6,9,21,-33.0,3.483,82.4,5.0,338.1,79.91383,-24.09342,374.08
2022-09-06 22:00:00,2022,6,9,22,-33.0,3.383,82.4,5.5,331.7,79.91388,-24.09351,374.08
2022-09-06 23:00:00,2022,6,9,23,-33.0,3.5,81.8,5.4,335.6,79.91387,-24.09344,374.08
2022-09-07 00:00:00,2022,7,9,0,-33.0,3.333,82.3,5.9,325.1,79.91387,-24.09346,374.07
2022-09-07 01:00:00,2022,7,9,1,-33.0,3.233,82.2,5.4,328.0,79.91388,-24.09344,374.07
2022-09-07 02:00:00,2022,7,9,2,-33.0,3.35,80.8,6.4,326.7,79.91387,-24.09348,374.07
2022-09-07 03:00:00,2022,7,9,3,-33.0,3.25,79.5,5.3,336.6,79.91386,-24.09346,374.07
2022-09-07 04:00:00,2022,7,9,4,-33.0,3.483,77.2,6.5,329.4,79.91385,-24.09342,374.07
2022-09-07 05:00:00,2022,7,9,5,-33.0,3.667,75.0,7.3,322.2,79.91387,-24.09349,374.07
2022-09-07 06:00:00,2022,7,9,6,-33.0,3.85,73.1,6.8,320.5,79.91387,-24.09353,374.07
2022-09-07 07:00:00,2022,7,9,7,-33.0,4.017,72.3,7.5,318.0,79.91386,-24.09347,374.07
2022-09-07 08:00:00,2022,7,9,8,-33.0,3.75,75.4,7.0,323.3,79.91388,-24.09351,374.07
2022-09-07 09:00:00,2022,7,9,9,-32.0,3.733,76.3,6.4,327.3,79.91386,-24.09346,374.07
2022-09-07 10:00:00,2022,7,9,10,-32.0,3.733,77.5,6.5,315.4,79.91386,-24.09354,374.07
2022-09-07 11:00:00,2022,7,9,11,-32.0,3.833,77.5,6.3,323.4,79.91386,-24.09348,374.07
2022-09-07 12:00:00,2022,7,9,12,-32.0,3.667,78.8,4.9,339.4,79.91388,-24.09346,374.07
2022-09-07 13:00:00,2022,7,9,13,-32.0,3.283,80.4,5.3,330.9,79.91387,-24.09346,374.07
2022-09-07 14:00:00,2022,7,9,14,-31.0,3.167,80.6,5.2,336.7,79.91386,-24.09342,374.07
2022-09-07 15:00:00,2022,7,9,15,-31.0,2.983,82.5,4.6,340.8,79.91386,-24.09353,374.07
2022-09-07 16:00:00,2022,7,9,16,-31.0,2.85,85.8,5.4,336.1,79.91388,-24.09343,374.07
2022-09-07 17:00:00,2022,7,9,17,-31.0,2.65,88.7,6.2,335.9,79.91388,-24.09345,374.07
2022-09-07 18:00:00,2022,7,9,18,-30.0,2.35,91.3,6.5,332.1,79.91386,-24.09342,374.07
2022-09-07 19:00:00,2022,7,9,19,-30.0,1.8,93.9,5.8,340.4,79.91388,-24.09341,374.07
2022-09-07 20:00:00,2022,7,9,20,-30.0,1.7,94.4,5.1,334.8,79.91389,-24.09355,374.07
2022-09-07 21:00:00,2022,7,9,21,-30.0,1.617,94.4,4.7,329.7,79.91386,-24.09343,374.07
2022-09-07 22:00:00,2022,7,9,22,-30.0,1.167,95.6,4.4,355.3,79.91391,-24.09357,374.07
2022-09-07 23:00:00,2022,7,9,23,-30.0,0.3,99.3,4.0,351.6,79.91387,-24.09344,374.07
2022-09-08 00:00:00,2022,8,9,0,-30.0,0.283,99.7,3.0,348.3,79.91388,-24.09341,374.05
2022-09-08 01:00:00,2022,8,9,1,-30.0,0.35,99.1,3.1,348.6,79.91386,-24.09339,374.05
2022-09-08 02:00:00,2022,8,9,2,-30.0,0.367,99.1,2.7,353.5,79.91387,-24.09346,374.05
2022-09-08 03:00:00,2022,8,9,3,-30.0,0.217,99.8,2.2,353.6,79.91387,-24.09334,374.05
2022-09-08 04:00:00,2022,8,9,4,-31.0,0.267,99.6,1.6,356.8,79.91386,-24.09337,374.05
2022-09-08 05:00:00,2022,8,9,5,-31.0,0.4,99.2,1.2,325.5,79.91388,-24.09327,374.05
2022-09-08 06:00:00,2022,8,9,6,-31.0,0.417,98.9,0.5,10.0,79.91388,-24.09339,374.05
2022-09-08 07:00:00,2022,8,9,7,-31.0,0.35,99.6,0.0,13.4,79.91386,-24.09336,374.05
2022-09-08 08:00:00,2022,8,9,8,-31.0,0.2,100.0,0.2,243.8,79.91388,-24.09339,374.05
2022-09-08 09:00:00,2022,8,9,9,-31.0,0.317,100.0,0.2,205.9,79.91390,-24.09337,374.05
2022-09-08 10:00:00,2022,8,9,10,-31.0,0.167,100.0,0.7,151.7,79.91386,-24.09340,374.05
2022-09-08 11:00:00,2022,8,9,11,-31.0,0.183,100.0,0.9,192.5,79.91387,-24.09359,374.05
2022-09-08 12:00:00,2022,8,9,12,-31.0,0.2,100.0,0.7,183.2,79.91387,-24.09333,374.05
2022-09-08 13:00:00,2022,8,9,13,-31.0,0.083,100.0,1.1,177.8,79.91387,-24.09351,374.05
2022-09-08 14:00:00,2022,8,9,14,-31.0,0.167,100.0,1.6,167.6,79.91387,-24.09331,374.05
2022-09-08 15:00:00,2022,8,9,15,-31.0,0.2,100.0,1.2,150.5,79.91387,-24.09337,374.05
2022-09-08 16:00:00,2022,8,9,16,-32.0,0.133,100.0,2.1,180.5,79.91388,-24.09343,374.05
2022-09-08 17:00:00,2022,8,9,17,-32.0,0.0,100.0,2.5,184.9,79.91387,-24.09336,374.05
2022-09-08 18:00:00,2022,8,9,18,-32.0,-0.317,100.0,2.8,192.5,79.91386,-24.09340,374.05
2022-09-08 19:00:00,2022,8,9,19,-32.0,-0.683,100.0,3.2,192.0,79.91387,-24.09341,374.05
2022-09-08 20:00:00,2022,8,9,20,-32.0,-0.8,100.0,2.8,190.2,79.91386,-24.09350,374.05
2022-09-08 21:00:00,2022,8,9,21,-32.0,-0.917,100.0,2.5,197.4,79.91387,-24.09353,374.05
2022-09-08 22:00:00,2022,8,9,22,-31.0,-1.083,100.0,1.8,191.2,79.91387,-24.09356,374.05
2022-09-08 23:00:00,2022,8,9,23,-31.0,-1.2,100.0,0.7,196.4,79.91388,-24.09351,374.05
2022-09-09 00:00:00,2022,9,9,0,-31.0,-1.233,100.0,0.6,206.0,79.91388,-24.09349,374.03
2022-09-09 01:00:00,2022,9,9,1,-31.0,-1.45,100.0,1.0,21.7,79.91385,-24.09338,374.03
2022-09-09 02:00:00,2022,9,9,2,-31.0,-1.233,100.0,1.2,352.8,79.91387,-24.09341,374.03
2022-09-09 03:00:00,2022,9,9,3,-31.0,-1.233,100.0,2.1,3.2,79.91386,-24.09343,374.03
2022-09-09 04:00:00,2022,9,9,4,-31.0,-1.267,99.9,3.2,347.4,79.91386,-24.09341,374.03
2022-09-09 05:00:00,2022,9,9,5,-31.0,-1.317,99.0,5.2,338.1,79.91388,-24.09332,374.03
2022-09-09 06:00:00,2022,9,9,6,-31.0,-1.117,97.3,5.2,331.5,79.91386,-24.09350,374.03
2022-09-09 07:00:00,2022,9,9,7,-31.0,-0.967,96.2,3.1,5.1,79.91387,-24.09351,374.03
2022-09-09 08:00:00,2022,9,9,8,-31.0,-1.267,96.5,2.5,23.7,79.91387,-24.09340,374.03
2022-09-09 09:00:00,2022,9,9,9,-31.0,-0.317,84.7,6.1,320.6,79.91388,-24.09348,374.03
2022-09-09 10:00:00,2022,9,9,10,-31.0,-0.717,80.9,5.9,316.6,79.91385,-24.09347,374.03
2022-09-09 11:00:00,2022,9,9,11,-31.0,-0.1,80.4,4.4,340.8,79.91385,-24.09344,374.03
2022-09-09 12:00:00,2022,9,9,12,-31.0,0.083,82.0,4.9,338.0,79.91386,-24.09345,374.03
2022-09-09 13:00:00,2022,9,9,13,-31.0,0.15,81.8,4.4,334.4,79.91385,-24.09332,374.03
2022-09-09 14:00:00,2022,9,9,14,-31.0,0.4,79.1,3.9,338.1,79.91386,-24.09342,374.03
2022-09-09 15:00:00,2022,9,9,15,-31.0,-0.05,73.4,5.3,323.4,79.91388,-24.09355,374.03
2022-09-09 16:00:00,2022,9,9,16,-31.0,-0.3,73.2,5.6,317.1,79.91387,-24.09345,374.03
2022-09-09 17:00:00,2022,9,9,17,-31.0,-0.65,73.4,5.3,324.6,79.91388,-24.09359,374.03
2022-09-09 18:00:00,2022,9,9,18,-31.0,-0.733,74.2,5.0,319.3,79.91387,-24.09350,374.03
2022-09-09 19:00:00,2022,9,9,19,-31.0,-0.383,77.3,3.1,342.4,79.91386,-24.09339,374.03
2022-09-09 20:00:00,2022,9,9,20,-31.0,-0.517,79.2,2.6,333.2,79.91387,-24.09339,374.03
2022-09-09 21:00:00,2022,9,9,21,-31.0,0.367,73.8,2.2,332.2,79.91386,-24.09338,374.03
2022-09-09 22:00:00,2022,9,9,22,-32.0,-1.617,74.8,6.7,290.0,79.91388,-24.09336,374.03
2022-09-09 23:00:00,2022,9,9,23,-32.0,-2.617,71.6,7.8,295.0,79.91387,-24.09348,374.03
2022-09-10 00:00:00,2022,10,9,0,-32.0,-3.517,72.2,8.3,292.3,79.91387,-24.09346,374.02
2022-09-10 01:00:00,2022,10,9,1,-32.0,-3.65,73.5,8.4,294.2,79.91386,-24.09342,374.02
2022-09-10 02:00:00,2022,10,9,2,-32.0,-1.617,70.8,7.0,306.6,79.91385,-24.09341,374.02
2022-09-10 03:00:00,2022,10,9,3,-32.0,-1.35,73.0,7.6,309.5,79.91386,-24.09345,374.02
2022-09-10 04:00:00,2022,10,9,4,-32.0,-0.067,74.6,7.3,310.4,79.91385,-24.09344,374.02
2022-09-10 05:00:00,2022,10,9,5,-32.0,-0.067,73.8,6.9,312.7,79.91385,-24.09343,374.02
2022-09-10 06:00:00,2022,10,9,6,-32.0,-0.133,74.0,8.1,311.7,79.91387,-24.09352,374.02
2022-09-10 07:00:00,2022,10,9,7,-31.0,-0.083,74.5,8.1,310.1,79.91387,-24.09356,374.02
2022-09-10 08:00:00,2022,10,9,8,-31.0,-0.283,74.8,8.8,315.9,79.91389,-24.09348,374.02
2022-09-10 09:00:00,2022,10,9,9,-31.0,-0.283,75.7,7.8,328.5,79.91388,-24.09351,374.02
2022-09-10 10:00:00,2022,10,9,10,-30.0,0.05,72.8,5.5,324.3,79.91387,-24.09356,374.02
2022-09-10 11:00:00,2022,10,9,11,-30.0,-0.117,71.6,5.0,331.4,79.91385,-24.09353,374.02
2022-09-10 12:00:00,2022,10,9,12,-31.0,-0.817,72.6,6.9,302.0,79.91387,-24.09345,374.02
2022-09-10 13:00:00,2022,10,9,13,nan,-1.2,71.8,7.3,298.1,79.91388,-24.09343,374.02
2022-09-10 14:00:00,2022,10,9,14,-31.0,-1.383,71.9,7.0,302.9,79.91386,-24.09337,374.02
2022-09-10 15:00:00,2022,10,9,15,-31.0,-1.65,72.3,6.8,301.9,79.91387,-24.09355,374.02
2022-09-10 16:00:00,2022,10,9,16,-32.0,-1.767,71.1,6.6,300.7,79.91387,-24.09348,374.02
2022-09-10 17:00:00,2022,10,9,17,-32.0,-1.967,71.1,6.0,306.4,79.91388,-24.09351,374.02
2022-09-10 18:00:00,2022,10,9,18,-32.0,-2.2,70.8,5.3,306.7,79.91387,-24.09345,374.02
2022-09-10 19:00:00,2022,10,9,19,-32.0,-2.517,70.1,6.4,305.0,79.91386,-24.09339,374.02
2022-09-10 20:00:00,2022,10,9,20,-33.0,-3.667,70.8,8.5,294.0,79.91387,-24.09350,374.02
2022-09-10 21:00:00,2022,10,9,21,-33.0,-4.083,70.2,8.1,296.0,79.91386,-24.09333,374.02
2022-09-10 22:00:00,2022,10,9,22,-34.0,-3.917,70.2,7.7,305.0,79.91388,-24.09343,374.02
2022-09-10 23:00:00,2022,10,9,23,-34.0,-4.067,70.8,6.3,323.8,79.91385,-24.09354,374.02
2022-09-11 00:00:00,2022,11,9,0,-34.0,-3.767,67.7,3.1,356.1,79.91387,-24.09341,374.00
2022-09-11 01:00:00,2022,11,9,1,-35.0,-3.583,65.9,3.7,317.3,79.91386,-24.09341,374.00
2022-09-11 02:00:00,2022,11,9,2,-35.0,-4.25,69.2,3.7,301.7,79.91386,-24.09334,374.00
2022-09-11 03:00:00,2022,11,9,3,-36.0,-5.3,72.1,6.1,290.3,79.91386,-24.09345,374.00
2022-09-11 04:00:00,2022,11,9,4,-37.0,-4.35,69.8,5.3,306.5,79.91385,-24.09339,374.00
2022-09-11 05:00:00,2022,11,9,5,-37.0,-3.883,68.1,4.0,311.8,79.91386,-24.09345,374.00
2022-09-11 06:00:00,2022,11,9,6,-38.0,-3.5,68.9,3.7,326.0,79.91386,-24.09346,374.00
2022-09-11 07:00:00,2022,11,9,7,-38.0,-3.6,70.5,2.4,340.1,79.91388,-24.09345,374.00
2022-09-11 08:00:00,2022,11,9,8,-38.0,-3.717,72.3,2.3,334.7,79.91388,-24.09354,374.00
2022-09-11 09:00:00,2022,11,9,9,-39.0,-3.267,72.1,2.7,348.8,79.91388,-24.09354,374.00
2022-09-11 10:00:00,2022,11,9,10,-39.0,-3.3,72.8,1.6,2.2,79.91386,-24.09359,374.00
2022-09-11 11:00:00,2022,11,9,11,-39.0,-2.55,71.3,2.3,16.2,79.91386,-24.09347,374.00
2022-09-11 12:00:00,2022,11,9,12,-40.0,-3.583,73.5,1.2,354.3,79.91387,-24.09357,374.00
2022-09-11 13:00:00,2022,11,9,13,-40.0,-2.467,68.2,1.1,357.8,79.91388,-24.09345,374.00
2022-09-11 14:00:00,2022,11,9,14,nan,-2.45,73.5,1.8,346.3,79.91386,-24.09338,374.00
2022-09-11 15:00:00,2022,11,9,15,-40.0,-2.517,74.8,2.4,344.1,79.91387,-24.09356,374.00
2022-09-11 16:00:00,2022,11,9,16,-41.0,-2.617,75.1,2.7,333.6,79.91386,-24.09346,374.00
2022-09-11 17:00:00,2022,11,9,17,-41.0,-3.333,77.5,3.2,332.5,79.91387,-24.09352,374.00
2022-09-11 18:00:00,2022,11,9,18,-41.0,-3.25,76.0,3.1,321.6,79.91387,-24.09346,374.00
2022-09-11 19:00:00,2022,11,9,19,-41.0,-3.033,75.0,1.8,324.3,79.91386,-24.09353,374.00
2022-09-11 20:00:00,2022,11,9,20,-41.0,-2.9,75.5,1.9,330.1,79.91387,-24.09345,374.00
2022-09-11 21:00:00,2022,11,9,21,-41.0,-3.633,78.5,2.0,334.9,79.91385,-24.09356,374.00
2022-09-11 22:00:00,2022,11,9,22,-41.0,-4.45,80.0,2.8,342.3,79.91386,-24.09357,374.00
2022-09-11 23:00:00,2022,11,9,23,-40.0,-5.2,80.8,4.2,348.8,79.91386,-24.09344,374.00
2022-09-12 00:00:00,2022,12,9,0,-40.0,-4.817,80.2,5.0,357.2,79.91385,-24.09342,373.99
2022-09-12 01:00:00,2022,12,9,1,-39.0,-4.25,82.7,8.2,330.0,79.91387,-24.09341,373.99
2022-09-12 02:00:00,2022,12,9,2,-38.0,-4.183,88.8,9.5,345.5,79.91385,-24.09336,373.99
2022-09-12 03:00:00,2022,12,9,3,-38.0,-4.217,91.1,8.8,347.1,79.91387,-24.09348,373.99
2022-09-12 04:00:00,2022,12,9,4,-37.0,-4.267,93.0,7.8,347.7,79.91385,-24.09340,373.99
2022-09-12 05:00:00,2022,12,9,5,-36.0,-4.15,90.7,7.0,342.2,79.91384,-24.09352,373.99
2022-09-12 06:00:00,2022,12,9,6,-36.0,-4.4,89.8,7.3,341.3,79.91386,-24.09351,373.99
2022-09-12 07:00:00,2022,12,9,7,-35.0,-4.583,90.2,6.2,341.4,79.91388,-24.09350,373.99
2022-09-12 08:00:00,2022,12,9,8,-34.0,-4.483,87.6,7.4,340.8,79.91386,-24.09349,373.99
2022-09-12 09:00:00,2022,12,9,9,-33.0,-4.583,87.6,8.2,340.9,79.91390,-24.09342,373.99
2022-09-12 10:00:00,2022,12,9,10,-32.0,-4.817,86.2,6.7,343.0,79.91387,-24.09344,373.99
2022-09-12 11:00:00,2022,12,9,11,-32.0,-4.95,84.6,6.5,337.8,79.91387,-24.09344,373.99
2022-09-12 12:00:00,2022,12,9,12,-31.0,-5.317,84.2,6.1,328.1,79.91388,-24.09350,373.99
2022-09-12 13:00:00,2022,12,9,13,-31.0,-5.367,86.7,6.0,319.5,79.91388,-24.09343,373.99
2022-09-12 14:00:00,2022,12,9,14,-30.0,-5.6,86.9,5.9,329.4,79.91386,-24.09337,373.99
2022-09-12 15:00:00,2022,12,9,15,-30.0,-5.683,87.0,5.6,344.5,79.91387,-24.09360,373.99
2022-09-12 16:00:00,2022,12,9,16,-30.0,-5.733,84.9,3.0,339.8,79.91387,-24.09334,373.99
2022-09-12 17:00:00,2022,12,9,17,-30.0,-6.3,82.7,3.2,343.3,79.91387,-24.09350,373.99
2022-09-12 18:00:00,2022,12,9,18,-30.0,-6.4,81.7,3.2,317.2,79.91387,-24.09358,373.99
2022-09-12 19:00:00,2022,12,9,19,-31.0,-8.25,79.6,3.7,315.4,79.91385,-24.09350,373.99
2022-09-12 20:00:00,2022,12,9,20,-31.0,-9.15,79.1,4.5,291.1,79.91387,-24.09340,373.99
2022-09-12 21:00:00,2022,12,9,21,-31.0,-8.88,77.2,3.9,299.7,79.91385,-24.09345,373.99
2022-09-12 22:00:00,2022,12,9,22,-32.0,-9.5,76.4,5.3,290.3,79.91385,-24.09340,373.99
2022-09-12 23:00:00,2022,12,9,23,-32.0,-9.05,73.9,5.1,285.6,79.91384,-24.09345,373.99
2022-09-13 00:00:00,2022,13,9,0,-32.0,-7.833,72.3,2.2,276.1,79.91386,-24.09342,373.97
2022-09-13 01:00:00,2022,13,9,1,-33.0,-8.1,72.9,2.2,285.6,79.91387,-24.09341,373.97
2022-09-13 02:00:00,2022,13,9,2,-33.0,-9.27,75.5,2.5,278.7,79.91386,-24.09345,373.97
2022-09-13 03:00:00,2022,13,9,3,-33.0,-9.85,75.5,4.1,283.9,79.91388,-24.09355,373.97
2022-09-13 04:00:00,2022,13,9,4,-34.0,-11.35,75.7,6.2,283.6,79.91387,-24.09346,373.97
2022-09-13 05:00:00,2022,13,9,5,-34.0,-10.8,81.0,3.1,327.4,79.91385,-24.09344,373.97
2022-09-13 06:00:00,2022,13,9,6,-34.0,-9.87,76.5,2.3,337.1,79.91386,-24.09351,373.97
2022-09-13 07:00:00,2022,13,9,7,-34.0,-9.68,75.8,3.0,308.4,79.91390,-24.09352,373.97
2022-09-13 08:00:00,2022,13,9,8,-34.0,-9.02,73.8,3.6,298.1,79.91387,-24.09354,373.97
2022-09-13 09:00:00,2022,13,9,9,-34.0,-8.43,74.5,2.3,312.2,79.91385,-24.09351,373.97
2022-09-13 10:00:00,2022,13,9,10,-34.0,-7.667,74.3,1.9,305.9,79.91386,-24.09339,373.97
2022-09-13 11:00:00,2022,13,9,11,-34.0,-7.083,71.7,0.4,320.4,79.91387,-24.09343,373.97
2022-09-13 12:00:00,2022,13,9,12,-34.0,-7.3,73.2,0.6,307.0,79.91386,-24.09355,373.97
2022-09-13 13:00:00,2022,13,9,13,-35.0,-7.183,75.3,0.8,268.1,79.91387,-24.09351,373.97
2022-09-13 14:00:00,2022,13,9,14,-35.0,-6.683,74.5,1.0,250.1,79.91386,-24.09340,373.97
2022-09-13 15:00:00,2022,13,9,15,-35.0,-6.3,74.8,0.9,249.5,79.91387,-24.09355,373.97
2022-09-13 16:00:00,2022,13,9,16,-36.0,-6.3,75.9,0.8,281.2,79.91386,-24.09340,373.97
2022-09-13 17:00:00,2022,13,9,17,-36.0,-5.783,75.7,0.9,279.8,79.91387,-24.09353,373.97
2022-09-13 18:00:00,2022,13,9,18,-36.0,-5.983,76.5,1.5,315.4,79.91385,-24.09345,373.97
2022-09-13 19:00:00,2022,13,9,19,-36.0,-6.817,78.4,1.5,341.2,79.91386,-24.09351,373.97
2022-09-13 20:00:00,2022,13,9,20,-36.0,-7.8,81.2,2.2,321.0,79.91387,-24.09338,373.97
2022-09-13 21:00:00,2022,13,9,21,-37.0,-8.02,81.8,2.5,322.9,79.91386,-24.09341,373.97
2022-09-13 22:00:00,2022,13,9,22,-37.0,-8.1,81.2,2.7,322.8,79.91386,-24.09338,373.97
2022-09-13 23:00:00,2022,13,9,23,-37.0,-7.717,79.2,2.1,328.1,79.91384,-24.09344,373.97
2022-09-14 00:00:00,2022,14,9,0,-37.0,-7.667,79.7,1.9,1.7,79.91386,-24.09344,373.95
2022-09-14 01:00:00,2022,14,9,1,-37.0,-7.483,81.8,1.2,318.0,79.91387,-24.09346,373.95
2022-09-14 02:00:00,2022,14,9,2,-36.0,-7.467,81.2,1.1,347.4,79.91385,-24.09345,373.95
2022-09-14 03:00:00,2022,14,9,3,-36.0,-7.2,78.5,2.0,355.3,79.91388,-24.09349,373.95
2022-09-14 04:00:00,2022,14,9,4,-36.0,-7.183,75.8,2.6,1.9,79.91387,-24.09347,373.95
2022-09-14 05:00:00,2022,14,9,5,-36.0,-7.617,76.1,2.7,357.7,79.91386,-24.09341,373.95
2022-09-14 06:00:00,2022,14,9,6,-36.0,-7.75,75.6,2.8,1.1,79.91388,-24.09350,373.95
2022-09-14 07:00:00,2022,14,9,7,-35.0,-7.433,76.0,2.8,351.8,79.91389,-24.09355,373.95
2022-09-14 08:00:00,2022,14,9,8,-35.0,-7.767,79.2,2.8,338.4,79.91387,-24.09357,373.95
2022-09-14 09:00:00,2022,14,9,9,-34.0,-6.8,81.3,3.6,352.7,79.91385,-24.09359,373.95
2022-09-14 10:00:00,2022,14,9,10,-34.0,-7.167,82.3,3.3,353.3,79.91386,-24.09338,373.95
2022-09-14 11:00:00,2022,14,9,11,-33.0,-6.3,83.7,2.4,356.4,79.91387,-24.09344,373.95
2022-09-14 12:00:00,2022,14,9,12,-33.0,-5.85,85.9,3.4,345.0,79.91386,-24.09347,373.95
2022-09-14 13:00:00,2022,14,9,13,-32.0,-5.467,86.9,3.5,337.5,79.91387,-24.09350,373.95
2022-09-14 14:00:00,2022,14,9,14,-32.0,-4.817,86.4,3.4,343.5,79.91386,-24.09335,373.95
2022-09-14 15:00:00,2022,14,9,15,-32.0,-4.533,85.1,3.9,328.7,79.91388,-24.09348,373.95
2022-09-14 16:00:00,2022,14,9,16,-31.0,-3.933,85.4,3.6,324.6,79.91388,-24.09346,373.95
2022-09-14 17:00:00,2022,14,9,17,-31.0,-4.1,86.9,1.1,349.6,79.91387,-24.09348,373.95
2022-09-14 18:00:00,2022,14,9,18,-31.0,-4.2,87.8,0.9,257.5,79.91386,-24.09340,373.95
2022-09-14 19:00:00,2022,14,9,19,-30.0,-4.0,88.3,0.8,261.3,79.91387,-24.09348,373.95
2022-09-14 20:00:00,2022,14,9,20,-30.0,-3.833,84.9,1.8,285.3,79.91387,-24.09340,373.95
2022-09-14 21:00:00,2022,14,9,21,-30.0,-4.167,82.8,2.1,326.7,79.91385,-24.09334,373.95
2022-09-14 22:00:00,2022,14,9,22,-29.0,-4.483,85.9,1.6,11.6,79.91386,-24.09334,373.95
2022-09-14 23:00:00,2022,14,9,23,-29.0,-5.217,88.4,0.6,62.8,79.91385,-24.09343,373.95
2022-09-15 00:00:00,2022,15,9,0,-29.0,-5.85,94.2,1.1,75.3,79.91387,-24.09345,373.94
2022-09-15 01:00:00,2022,15,9,1,-29.0,-6.267,92.7,0.7,68.7,79.91388,-24.09360,373.94
2022-09-15 02:00:00,2022,15,9,2,-28.0,-6.417,92.3,0.4,72.5,79.91386,-24.09342,373.94
2022-09-15 03:00:00,2022,15,9,3,-28.0,-6.683,92.8,0.4,48.1,79.91387,-24.09348,373.94
2022-09-15 04:00:00,2022,15,9,4,-28.0,-6.533,92.8,0.5,324.6,79.91387,-24.09353,373.94
2022-09-15 05:00:00,2022,15,9,5,-28.0,-6.633,93.0,0.7,7.3,79.91386,-24.09345,373.94
2022-09-15 06:00:00,2022,15,9,6,-28.0,-6.65,93.4,0.6,38.6,79.91387,-24.09353,373.94
2022-09-15 07:00:00,2022,15,9,7,-27.0,-6.733,94.6,0.7,11.0,79.91388,-24.09356,373.94
2022-09-15 08:00:00,2022,15,9,8,-27.0,-6.65,94.0,0.1,73.8,79.91387,-24.09359,373.94
2022-09-15 09:00:00,2022,15,9,9,-27.0,-6.567,93.4,0.2,29.4,79.91385,-24.09360,373.94
2022-09-15 10:00:00,2022,15,9,10,-27.0,-6.3,92.6,0.2,109.1,79.91388,-24.09345,373.94
2022-09-15 11:00:00,2022,15,9,11,-27.0,-6.167,92.4,0.4,75.3,79.91387,-24.09345,373.94
2022-09-15 12:00:00,2022,15,9,12,-26.0,-5.95,91.1,0.3,77.8,79.91387,-24.09350,373.94
2022-09-15 13:00:00,2022,15,9,13,-26.0,-6.0,92.2,0.8,74.2,79.91387,-24.09341,373.94
2022-09-15 14:00:00,2022,15,9,14,-26.0,-5.783,91.2,0.3,353.1,79.91387,-24.09342,373.94
2022-09-15 15:00:00,2022,15,9,15,-26.0,-5.8,91.5,0.5,311.3,79.91387,-24.09353,373.94
2022-09-15 16:00:00,2022,15,9,16,-26.0,-5.7,91.5,0.4,320.2,79.91389,-24.09351,373.94
2022-09-15 17:00:00,2022,15,9,17,-26.0,-5.633,91.1,0.6,347.6,79.91387,-24.09348,373.94
2022-09-15 18:00:00,2022,15,9,18,-26.0,-5.633,91.2,0.3,346.2,79.91388,-24.09347,373.94
2022-09-15 19:00:00,2022,15,9,19,-26.0,-5.617,91.4,1.0,345.5,79.91389,-24.09339,373.94
2022-09-15 20:00:00,2022,15,9,20,-26.0,-5.733,91.4,0.9,349.7,79.91387,-24.09340,373.94
2022-09-15 21:00:00,2022,15,9,21,-26.0,-5.817,91.2,0.6,336.7,79.91387,-24.09345,373.94
2022-09-15 22:00:00,2022,15,9,22,-25.0,-5.767,92.3,0.6,115.3,79.91387,-24.09343,373.94
2022-09-15 23:00:00,2022,15,9,23,-25.0,-5.867,92.8,0.6,28.9,79.91384,-24.09345,373.94
2022-09-16 00:00:00,2022,16,9,0,-24.0,-6.033,92.5,1.0,22.2,79.91385,-24.09344,373.92
2022-09-16 01:00:00,2022,16,9,1,-24.0,-6.167,92.9,1.2,35.6,79.91389,-24.09363,373.92
2022-09-16 02:00:00,2022,16,9,2,nan,-6.35,93.6,1.0,67.9,79.91386,-24.09345,373.92
2022-09-16 03:00:00,2022,16,9,3,-24.0,-6.433,94.4,1.1,80.2,79.91389,-24.09348,373.92
2022-09-16 04:00:00,2022,16,9,4,-24.0,-6.55,94.7,0.6,40.9,79.91388,-24.09353,373.92
2022-09-16 05:00:00,2022,16,9,5,-23.0,-6.567,94.7,0.5,61.1,79.91386,-24.09353,373.92
2022-09-16 06:00:00,2022,16,9,6,-23.0,-6.483,94.9,0.3,298.4,79.91387,-24.09353,373.92
2022-09-16 07:00:00,2022,16,9,7,-23.0,-6.417,93.7,0.3,5.5,79.91389,-24.09352,373.92
2022-09-16 08:00:00,2022,16,9,8,-22.0,-6.4,95.0,0.5,46.8,79.91388,-24.09360,373.92
2022-09-16 09:00:00,2022,16,9,9,-22.0,-6.317,95.2,0.7,65.3,79.91386,-24.09358,373.92
2022-09-16 10:00:00,2022,16,9,10,-22.0,-6.267,94.7,0.4,41.9,79.91388,-24.09351,373.92
2022-09-16 11:00:00,2022,16,9,11,-21.0,-6.183,94.9,0.7,2.8,79.91387,-24.09347,373.92
2022-09-16 12:00:00,2022,16,9,12,-21.0,-6.25,94.5,0.6,340.3,79.91386,-24.09353,373.92
2022-09-16 13:00:00,2022,16,9,13,-21.0,-6.6,93.6,1.6,343.1,79.91387,-24.09350,373.92
2022-09-16 14:00:00,2022,16,9,14,-21.0,-6.683,94.2,2.4,348.0,79.91388,-24.09351,373.92
2022-09-16 15:00:00,2022,16,9,15,-21.0,-7.05,90.5,2.9,336.2,79.91388,-24.09350,373.92
2022-09-16 16:00:00,2022,16,9,16,-20.0,-7.05,89.3,3.1,328.8,79.91388,-24.09348,373.92
2022-09-16 17:00:00,2022,16,9,17,-20.0,-6.817,91.5,2.6,345.0,79.91387,-24.09345,373.92
2022-09-16 18:00:00,2022,16,9,18,-20.0,-7.017,94.2,3.4,339.7,79.91387,-24.09352,373.92
2022-09-16 19:00:00,2022,16,9,19,-20.0,-7.2,94.9,3.5,340.5,79.91387,-24.09346,373.92
2022-09-16 20:00:00,2022,16,9,20,-20.0,-7.433,93.6,3.0,327.2,79.91387,-24.09338,373.92
2022-09-16 21:00:00,2022,16,9,21,-20.0,-7.283,91.8,2.8,328.1,79.91387,-24.09334,373.92
2022-09-16 22:00:00,2022,16,9,22,-19.0,-7.167,93.2,2.7,334.4,79.91388,-24.09338,373.92
2022-09-16 23:00:00,2022,16,9,23,-19.0,-7.183,92.7,3.7,342.0,79.91386,-24.09342,373.92
2022-09-17 00:00:00,2022,17,9,0,-19.0,-7.55,91.4,3.2,343.9,79.91386,-24.09342,373.90
2022-09-17 01:00:00,2022,17,9,1,-19.0,-8.5,89.1,2.7,330.0,79.91388,-24.09355,373.90
2022-09-17 02:00:00,2022,17,9,2,-19.0,-7.867,88.4,2.5,346.5,79.91384,-24.09351,373.90
2022-09-17 03:00:00,2022,17,9,3,-19.0,-8.33,91.9,2.6,334.5,79.91387,-24.09343,373.90
2022-09-17 04:00:00,2022,17,9,4,-20.0,-8.2,93.7,2.6,336.9,79.91389,-24.09356,373.90
2022-09-17 05:00:00,2022,17,9,5,-19.0,-8.12,94.1,2.1,325.4,79.91388,-24.09353,373.90
2022-09-17 06:00:00,2022,17,9,6,-20.0,-8.03,93.2,1.6,335.5,79.91388,-24.09353,373.90
2022-09-17 07:00:00,2022,17,9,7,-20.0,-8.03,93.0,1.6,334.4,79.91388,-24.09355,373.90
2022-09-17 08:00:00,2022,17,9,8,-20.0,-8.0,91.7,1.3,322.3,79.91388,-24.09360,373.90
2022-09-17 09:00:00,2022,17,9,9,-20.0,-7.817,89.6,1.0,300.8,79.91386,-24.09357,373.90
2022-09-17 10:00:00,2022,17,9,10,-20.0,-7.6,88.1,0.5,293.9,79.91387,-24.09352,373.90
2022-09-17 11:00:00,2022,17,9,11,-20.0,-7.767,88.4,0.9,260.7,79.91387,-24.09345,373.90
2022-09-17 12:00:00,2022,17,9,12,-21.0,-7.517,88.4,0.6,247.2,79.91387,-24.09344,373.90
2022-09-17 13:00:00,2022,17,9,13,-21.0,-7.4,88.5,0.7,230.4,79.91384,-24.09343,373.90
2022-09-17 14:00:00,2022,17,9,14,-21.0,-7.367,89.9,1.2,228.4,79.91389,-24.09350,373.90
2022-09-17 15:00:00,2022,17,9,15,-22.0,-7.183,87.0,1.0,235.4,79.91387,-24.09345,373.90
2022-09-17 16:00:00,2022,17,9,16,-22.0,-9.32,78.7,4.0,280.0,79.91390,-24.09348,373.90
2022-09-17 17:00:00,2022,17,9,17,-22.0,-8.07,84.5,1.9,254.8,79.91388,-24.09359,373.90
2022-09-17 18:00:00,2022,17,9,18,-23.0,-9.78,82.2,3.5,280.3,79.91388,-24.09351,373.90
2022-09-17 19:00:00,2022,17,9,19,-22.0,-8.58,85.7,2.3,249.0,79.91387,-24.09337,373.90
2022-09-17 20:00:00,2022,17,9,20,-23.0,-8.57,84.5,1.7,254.2,79.91387,-24.09338,373.90
2022-09-17 21:00:00,2022,17,9,21,-23.0,-9.35,81.0,2.5,268.4,79.91385,-24.09344,373.90
2022-09-17 22:00:00,2022,17,9,22,-23.0,-9.45,84.3,3.2,257.0,79.91388,-24.09339,373.90
2022-09-17 23:00:00,2022,17,9,23,-23.0,-8.87,86.1,2.0,209.4,79.91387,-24.09346,373.90
2022-09-18 00:00:00,2022,18,9,0,-24.0,-9.35,91.3,0.9,214.6,79.91388,-24.09344,373.89
2022-09-18 01:00:00,2022,18,9,1,-24.0,-9.73,85.9,1.2,249.1,79.91388,-24.09345,373.89
2022-09-18 02:00:00,2022,18,9,2,-24.0,-9.83,81.5,2.0,235.3,79.91386,-24.09350,373.89
2022-09-18 03:00:00,2022,18,9,3,-25.0,-9.93,80.7,2.2,254.4,79.91386,-24.09341,373.89
2022-09-18 04:00:00,2022,18,9,4,-25.0,-11.02,78.6,4.0,277.9,79.91388,-24.09352,373.89
2022-09-18 05:00:00,2022,18,9,5,-25.0,-11.43,79.2,4.2,270.9,79.91387,-24.09360,373.89
2022-09-18 06:00:00,2022,18,9,6,-25.0,-12.82,77.0,5.0,277.7,79.91384,-24.09339,373.89
2022-09-18 07:00:00,2022,18,9,7,-25.0,-12.4,77.5,4.1,275.6,79.91388,-24.09350,373.89
2022-09-18 08:00:00,2022,18,9,8,-26.0,-12.97,77.8,4.8,277.1,79.91387,-24.09355,373.89
2022-09-18 09:00:00,2022,18,9,9,-26.0,-11.0,76.7,3.3,242.6,79.91385,-24.09354,373.89
2022-09-18 10:00:00,2022,18,9,10,-26.0,-11.47,75.5,2.7,238.6,79.91389,-24.09355,373.89
2022-09-18 11:00:00,2022,18,9,11,-26.0,-10.42,73.5,1.0,214.8,79.91388,-24.09343,373.89
2022-09-18 12:00:00,2022,18,9,12,-26.0,-9.32,71.7,0.8,215.0,79.91387,-24.09350,373.89
2022-09-18 13:00:00,2022,18,9,13,-26.0,-9.8,72.0,4.3,235.9,79.91387,-24.09341,373.89
2022-09-18 14:00:00,2022,18,9,14,-27.0,-9.93,71.7,6.1,251.3,79.91388,-24.09352,373.89
2022-09-18 15:00:00,2022,18,9,15,-27.0,-10.25,74.4,6.5,257.0,79.91388,-24.09345,373.89
2022-09-18 16:00:00,2022,18,9,16,-28.0,-9.78,77.1,6.5,254.7,79.91388,-24.09348,373.89
2022-09-18 17:00:00,2022,18,9,17,-28.0,-9.63,75.5,4.7,246.1,79.91388,-24.09343,373.89
2022-09-18 18:00:00,2022,18,9,18,-28.0,-10.35,79.4,1.1,142.5,79.91390,-24.09348,373.89
2022-09-18 19:00:00,2022,18,9,19,-29.0,-10.9,81.8,1.5,268.9,79.91388,-24.09341,373.89
2022-09-18 20:00:00,2022,18,9,20,-29.0,-10.53,81.0,0.9,283.9,79.91387,-24.09347,373.89
2022-09-18 21:00:00,2022,18,9,21,-30.0,-10.52,81.1,1.0,322.2,79.91386,-24.09352,373.89
2022-09-18 22:00:00,2022,18,9,22,-31.0,-10.85,82.9,1.7,312.8,79.91387,-24.09349,373.89
2022-09-18 23:00:00,2022,18,9,23,-31.0,-10.4,83.3,1.1,301.8,79.91385,-24.09343,373.89
2022-09-19 00:00:00,2022,19,9,0,-32.0,-10.5,86.5,0.8,313.0,79.91387,-24.09340,373.87
2022-09-19 01:00:00,2022,19,9,1,-33.0,-10.65,89.2,0.2,241.6,79.91389,-24.09345,373.87
2022-09-19 02:00:00,2022,19,9,2,-33.0,-10.72,90.3,0.2,240.7,79.91387,-24.09344,373.87
2022-09-19 03:00:00,2022,19,9,3,-34.0,-10.7,90.3,0.4,254.0,79.91386,-24.09343,373.87
2022-09-19 04:00:00,2022,19,9,4,-34.0,-10.87,89.6,1.6,351.3,79.91387,-24.09354,373.87
2022-09-19 05:00:00,2022,19,9,5,-35.0,-11.03,89.2,2.8,339.9,79.91387,-24.09359,373.87
2022-09-19 06:00:00,2022,19,9,6,-35.0,-11.08,89.8,3.2,343.5,79.91387,-24.09340,373.87
2022-09-19 07:00:00,2022,19,9,7,-36.0,-11.08,89.9,3.6,343.8,79.91388,-24.09351,373.87
2022-09-19 08:00:00,2022,19,9,8,-36.0,-11.12,90.8,4.9,343.7,79.91388,-24.09351,373.87
2022-09-19 09:00:00,2022,19,9,9,-36.0,-10.88,89.9,4.9,347.4,79.91386,-24.09351,373.87
2022-09-19 10:00:00,2022,19,9,10,-36.0,-10.65,89.8,5.4,346.2,79.91387,-24.09351,373.87
2022-09-19 11:00:00,2022,19,9,11,-36.0,-10.22,89.8,5.8,353.6,79.91388,-24.09347,373.87
2022-09-19 12:00:00,2022,19,9,12,-36.0,-9.67,87.9,6.8,343.6,79.91386,-24.09355,373.87
2022-09-19 13:00:00,2022,19,9,13,-36.0,-8.85,85.7,7.8,337.2,79.91386,-24.09341,373.87
2022-09-19 14:00:00,2022,19,9,14,-36.0,-8.38,84.2,8.4,331.4,79.91388,-24.09354,373.87
2022-09-19 15:00:00,2022,19,9,15,-36.0,-8.18,84.0,8.8,334.9,79.91388,-24.09352,373.87
2022-09-19 16:00:00,2022,19,9,16,-36.0,-8.02,85.7,8.3,332.2,79.91388,-24.09343,373.87
2022-09-19 17:00:00,2022,19,9,17,-36.0,-8.05,84.2,8.4,333.4,79.91387,-24.09338,373.87
2022-09-19 18:00:00,2022,19,9,18,-36.0,-8.05,81.4,8.5,330.0,79.91389,-24.09328,373.87
2022-09-19 19:00:00,2022,19,9,19,-36.0,-7.8,80.4,8.2,324.6,79.91388,-24.09346,373.87
2022-09-19 20:00:00,2022,19,9,20,-35.0,-7.583,78.6,7.6,333.7,79.91387,-24.09343,373.87
2022-09-19 21:00:00,2022,19,9,21,-35.0,-7.433,78.7,7.3,337.9,79.91388,-24.09345,373.87
2022-09-19 22:00:00,2022,19,9,22,-35.0,-7.3,81.1,6.5,340.2,79.91388,-24.09348,373.87
2022-09-19 23:00:00,2022,19,9,23,-35.0,-7.367,83.8,6.1,343.2,79.91386,-24.09342,373.87
2022-09-20 00:00:00,2022,20,9,0,-35.0,-7.3,86.3,6.1,348.7,79.91387,-24.09345,373.85
2022-09-20 01:00:00,2022,20,9,1,-35.0,-7.717,87.8,5.8,343.9,79.91389,-24.09352,373.85
2022-09-20 02:00:00,2022,20,9,2,-35.0,-7.883,90.6,5.8,343.5,79.91387,-24.09346,373.85
2022-09-20 03:00:00,2022,20,9,3,-34.0,-7.833,89.7,6.0,341.4,79.91385,-24.09339,373.85
2022-09-20 04:00:00,2022,20,9,4,-35.0,-8.02,90.9,5.8,346.4,79.91388,-24.09346,373.85
2022-09-20 05:00:00,2022,20,9,5,-35.0,-8.32,93.8,5.5,344.8,79.91387,-24.09355,373.85
2022-09-20 06:00:00,2022,20,9,6,-35.0,-8.42,93.9,4.8,347.2,79.91387,-24.09342,373.85
2022-09-20 07:00:00,2022,20,9,7,-35.0,-8.43,92.3,4.9,341.8,79.91387,-24.09353,373.85
2022-09-20 08:00:00,2022,20,9,8,-35.0,-8.48,90.9,5.2,339.0,79.91387,-24.09349,373.85
2022-09-20 09:00:00,2022,20,9,9,-35.0,-8.52,89.4,4.9,346.5,79.91386,-24.09350,373.85
2022-09-20 10:00:00,2022,20,9,10,-35.0,-8.77,91.1,4.6,347.3,79.91388,-24.09350,373.85
2022-09-20 11:00:00,2022,20,9,11,-35.0,-9.0,93.1,4.9,1.6,79.91388,-24.09347,373.85
2022-09-20 12:00:00,2022,20,9,12,-35.0,-9.05,93.5,4.7,357.6,79.91387,-24.09339,373.85
2022-09-20 13:00:00,2022,20,9,13,-35.0,-9.12,93.1,4.7,353.4,79.91387,-24.09351,373.85
2022-09-20 14:00:00,2022,20,9,14,-35.0,-9.02,91.7,4.8,1.4,79.91389,-24.09369,373.85
2022-09-20 15:00:00,2022,20,9,15,-36.0,-9.0,92.4,4.9,2.1,79.91389,-24.09352,373.85
2022-09-20 16:00:00,2022,20,9,16,-36.0,-9.0,93.3,4.9,359.8,79.91389,-24.09345,373.85
2022-09-20 17:00:00,2022,20,9,17,-36.0,-9.15,92.1,4.8,358.1,79.91386,-24.09341,373.85
2022-09-20 18:00:00,2022,20,9,18,-36.0,-9.22,91.9,4.7,347.1,79.91390,-24.09338,373.85
2022-09-20 19:00:00,2022,20,9,19,-36.0,-9.3,91.8,5.2,1.5,79.91389,-24.09340,373.85
2022-09-20 20:00:00,2022,20,9,20,-36.0,-9.1,91.7,4.9,4.7,79.91387,-24.09336,373.85
2022-09-20 21:00:00,2022,20,9,21,-36.0,-8.98,91.4,4.9,2.8,79.91387,-24.09351,373.85
2022-09-20 22:00:00,2022,20,9,22,-37.0,-9.0,92.0,nan,nan,79.91388,-24.09352,373.85
2022-09-20 23:00:00,2022,20,9,23,-37.0,-9.05,92.1,5.0,3.0,79.91388,-24.09345,373.85
2022-09-21 00:00:00,2022,21,9,0,-37.0,-9.1,92.1,5.1,353.6,79.91389,-24.09341,373.84
2022-09-21 01:00:00,2022,21,9,1,-37.0,-9.15,92.1,5.4,350.1,79.91389,-24.09350,373.84
2022-09-21 02:00:00,2022,21,9,2,-37.0,-9.02,92.4,5.5,351.9,79.91387,-24.09347,373.84
2022-09-21 03:00:00,2022,21,9,3,-37.0,-8.73,93.3,5.7,356.2,79.91387,-24.09340,373.84
2022-09-21 04:00:00,2022,21,9,4,-37.0,-8.62,93.2,5.4,1.4,79.91389,-24.09345,373.84
2022-09-21 05:00:00,2022,21,9,5,-37.0,-8.5,93.0,5.3,3.5,79.91389,-24.09346,373.84
2022-09-21 06:00:00,2022,21,9,6,-37.0,-8.42,93.5,5.3,357.2,79.91385,-24.09325,373.84
2022-09-21 07:00:00,2022,21,9,7,-36.0,-8.35,93.6,5.0,349.3,79.91386,-24.09347,373.84
2022-09-21 08:00:00,2022,21,9,8,-36.0,-8.38,93.5,4.7,351.2,79.91388,-24.09346,373.84
2022-09-21 09:00:00,2022,21,9,9,-36.0,-8.58,93.2,4.7,353.3,79.91385,-24.09347,373.84
2022-09-21 10:00:00,2022,21,9,10,-36.0,-8.25,93.4,4.3,352.5,79.91386,-24.09342,373.84
2022-09-21 11:00:00,2022,21,9,11,-36.0,-8.17,93.3,4.2,351.3,79.91388,-24.09349,373.84
2022-09-21 12:00:00,2022,21,9,12,-36.0,-7.983,93.4,4.4,355.9,79.91387,-24.09338,373.84
2022-09-21 13:00:00,2022,21,9,13,-35.0,-7.717,93.6,4.3,350.2,79.91389,-24.09329,373.84
2022-09-21 14:00:00,2022,21,9,14,-35.0,-7.45,93.9,4.2,1.6,79.91387,-24.09340,373.84
2022-09-21 15:00:00,2022,21,9,15,-35.0,-7.333,94.0,4.2,355.0,79.91388,-24.09336,373.84
2022-09-21 16:00:00,2022,21,9,16,-35.0,-7.1,94.3,3.9,351.5,79.91388,-24.09340,373.84
2022-09-21 17:00:00,2022,21,9,17,-35.0,-7.067,94.3,4.1,351.4,79.91387,-24.09334,373.84
2022-09-21 18:00:00,2022,21,9,18,nan,-7.2,94.3,4.2,350.1,79.91388,-24.09338,373.84
2022-09-21 19:00:00,2022,21,9,19,-35.0,-7.033,94.4,3.9,6.5,79.91387,-24.09337,373.84
2022-09-21 20:00:00,2022,21,9,20,-35.0,-7.25,94.2,3.6,1.6,79.91388,-24.09328,373.84
2022-09-21 21:00:00,2022,21,9,21,-35.0,-7.65,93.9,4.0,347.5,79.91388,-24.09330,373.84
2022-09-21 22:00:00,2022,21,9,22,-35.0,-7.233,94.2,3.9,347.5,79.91388,-24.09340,373.84
2022-09-21 23:00:00,2022,21,9,23,-35.0,-7.433,93.9,3.9,340.9,79.91388,-24.09337,373.84
2022-09-22 00:00:00,2022,22,9,0,-36.0,-7.617,93.7,4.1,343.7,79.91388,-24.09336,373.82
2022-09-22 01:00:00,2022,22,9,1,-36.0,-7.667,93.7,3.7,353.2,79.91387,-24.09340,373.82
2022-09-22 02:00:00,2022,22,9,2,-36.0,-7.633,93.5,4.0,344.0,79.91387,-24.09340,373.82
2022-09-22 03:00:00,2022,22,9,3,-36.0,-7.317,93.4,4.2,342.6,79.91388,-24.09347,373.82
2022-09-22 04:00:00,2022,22,9,4,-37.0,-7.3,93.3,5.1,342.2,79.91387,-24.09340,373.82
2022-09-22 05:00:00,2022,22,9,5,-37.0,-7.017,93.6,4.2,344.3,79.91386,-24.09337,373.82
2022-09-22 06:00:00,2022,22,9,6,-37.0,-7.933,93.3,5.6,343.0,79.91387,-24.09339,373.82
2022-09-22 07:00:00,2022,22,9,7,-38.0,-7.617,93.6,5.6,344.6,79.91387,-24.09347,373.82
2022-09-22 08:00:00,2022,22,9,8,-38.0,-7.567,93.5,6.2,349.0,79.91388,-24.09328,373.82
2022-09-22 09:00:00,2022,22,9,9,-39.0,-7.183,93.7,7.4,349.2,79.91387,-24.09342,373.82
2022-09-22 10:00:00,2022,22,9,10,-39.0,-5.983,93.2,9.2,348.5,79.91388,-24.09340,373.82
2022-09-22 11:00:00,2022,22,9,11,-40.0,-5.9,92.4,9.1,338.0,79.91388,-24.09344,373.82
2022-09-22 12:00:00,2022,22,9,12,-41.0,-6.783,92.4,8.3,346.2,79.91388,-24.09341,373.82
2022-09-22 13:00:00,2022,22,9,13,-42.0,-7.417,92.3,8.2,351.9,79.91387,-24.09327,373.82
2022-09-22 14:00:00,2022,22,9,14,-42.0,-6.817,90.9,8.4,342.0,79.91387,-24.09333,373.82
2022-09-22 15:00:00,2022,22,9,15,-42.0,-6.217,90.3,8.0,333.0,79.91389,-24.09335,373.82
2022-09-22 16:00:00,2022,22,9,16,-43.0,-6.2,89.8,8.2,334.6,79.91388,-24.09331,373.82
2022-09-22 17:00:00,2022,22,9,17,-43.0,-5.883,90.0,8.1,331.2,79.91388,-24.09334,373.82
2022-09-22 18:00:00,2022,22,9,18,-44.0,-5.883,91.9,8.2,335.6,79.91389,-24.09339,373.82
2022-09-22 19:00:00,2022,22,9,19,nan,-5.567,92.1,8.2,337.0,79.91387,-24.09337,373.82
2022-09-22 20:00:00,2022,22,9,20,-45.0,-5.1,92.4,7.7,334.5,79.91387,-24.09326,373.82
2022-09-22 21:00:00,2022,22,9,21,-45.0,-4.533,92.4,8.2,341.2,79.91387,-24.09335,373.82
2022-09-22 22:00:00,2022,22,9,22,-46.0,-4.5,92.9,8.8,330.6,79.91387,-24.09344,373.82
2022-09-22 23:00:00,2022,22,9,23,-47.0,-4.533,92.4,8.8,331.1,79.91388,-24.09342,373.82
2022-09-23 00:00:00,2022,23,9,0,-48.0,-4.45,93.0,8.8,331.0,79.91387,-24.09339,373.80
2022-09-23 01:00:00,2022,23,9,1,-49.0,-4.217,93.9,8.6,338.0,79.91387,-24.09338,373.80
2022-09-23 02:00:00,2022,23,9,2,-50.0,-4.1,93.5,10.4,341.8,79.91386,-24.09339,373.80
2022-09-23 03:00:00,2022,23,9,3,-51.0,-3.933,93.1,11.3,335.8,79.91387,-24.09337,373.80
2022-09-23 04:00:00,2022,23,9,4,-52.0,-3.9,93.3,11.7,333.2,79.91388,-24.09330,373.80
2022-09-23 05:00:00,2022,23,9,5,-52.0,-3.917,93.1,12.1,333.5,79.91387,-24.09337,373.80
2022-09-23 06:00:00,2022,23,9,6,-53.0,-3.817,92.5,12.0,330.6,79.91385,-24.09333,373.80
2022-09-23 07:00:00,2022,23,9,7,-54.0,-3.717,92.6,12.3,331.4,79.91386,-24.09346,373.80
2022-09-23 08:00:00,2022,23,9,8,-54.0,-3.567,92.0,12.3,325.6,79.91388,-24.09330,373.80
2022-09-23 09:00:00,2022,23,9,9,-55.0,-3.417,91.9,12.2,330.9,79.91385,-24.09332,373.80
2022-09-23 10:00:00,2022,23,9,10,-55.0,-3.333,92.4,12.3,331.0,79.91386,-24.09339,373.80
2022-09-23 11:00:00,2022,23,9,11,-56.0,-3.183,92.3,12.3,332.1,79.91387,-24.09348,373.80
2022-09-23 12:00:00,2022,23,9,12,-56.0,-3.117,93.0,12.0,334.0,79.91388,-24.09344,373.80
2022-09-23 13:00:00,2022,23,9,13,-57.0,-2.95,93.5,11.7,342.8,79.91387,-24.09338,373.80
2022-09-23 14:00:00,2022,23,9,14,-57.0,-2.75,92.9,11.5,339.2,79.91388,-24.09334,373.80
2022-09-23 15:00:00,2022,23,9,15,-58.0,-2.617,92.8,11.5,333.7,79.91388,-24.09338,373.80
2022-09-23 16:00:00,2022,23,9,16,-58.0,-2.483,93.0,11.1,336.0,79.91388,-24.09333,373.80
2022-09-23 17:00:00,2022,23,9,17,-58.0,-2.5,94.2,10.6,336.5,79.91387,-24.09335,373.80
2022-09-23 18:00:00,2022,23,9,18,-58.0,-2.6,95.0,10.3,338.9,79.91388,-24.09343,373.80
2022-09-23 19:00:00,2022,23,9,19,-57.0,-2.733,93.7,10.3,343.1,79.91387,-24.09344,373.80
2022-09-23 20:00:00,2022,23,9,20,-57.0,-2.85,92.7,9.5,337.2,79.91388,-24.09331,373.80
2022-09-23 21:00:00,2022,23,9,21,-57.0,-2.983,91.8,8.7,337.2,79.91386,-24.09345,373.80
2022-09-23 22:00:00,2022,23,9,22,-57.0,-3.05,90.9,8.2,335.2,79.91388,-24.09335,373.80
2022-09-23 23:00:00,2022,23,9,23,-57.0,-3.283,90.7,7.7,328.0,79.91387,-24.09345,373.80
2022-09-24 00:00:00,2022,24,9,0,-57.0,-3.433,91.9,7.3,333.0,79.91387,-24.09334,373.79
2022-09-24 01:00:00,2022,24,9,1,-56.0,-3.583,93.2,7.0,327.2,79.91387,-24.09330,373.79
2022-09-24 02:00:00,2022,24,9,2,-56.0,-3.65,92.0,6.4,328.1,79.91387,-24.09345,373.79
2022-09-24 03:00:00,2022,24,9,3,-56.0,-3.867,90.4,6.5,329.7,79.91386,-24.09343,373.79
2022-09-24 04:00:00,2022,24,9,4,-56.0,-3.917,89.1,6.6,328.2,79.91388,-24.09330,373.79
2022-09-24 05:00:00,2022,24,9,5,-56.0,-4.117,91.0,7.1,330.6,79.91387,-24.09336,373.79
2022-09-24 06:00:00,2022,24,9,6,-56.0,-4.333,92.0,7.1,332.4,79.91386,-24.09337,373.79
2022-09-24 07:00:00,2022,24,9,7,-56.0,-4.367,90.1,6.7,332.1,79.91385,-24.09341,373.79
2022-09-24 08:00:00,2022,24,9,8,-56.0,-4.567,89.3,7.1,329.4,79.91390,-24.09334,373.79
2022-09-24 09:00:00,2022,24,9,9,-57.0,-4.85,88.3,7.8,326.0,79.91387,-24.09341,373.79
2022-09-24 10:00:00,2022,24,9,10,-56.0,-5.283,87.4,8.4,322.7,79.91387,-24.09343,373.79
2022-09-24 11:00:00,2022,24,9,11,-57.0,-5.533,85.8,8.8,323.1,79.91386,-24.09343,373.79
2022-09-24 12:00:00,2022,24,9,12,-57.0,-5.5,86.8,9.0,323.3,79.91387,-24.09337,373.79
2022-09-24 13:00:00,2022,24,9,13,-57.0,-5.617,88.3,8.9,324.7,79.91385,-24.09335,373.79
2022-09-24 14:00:00,2022,24,9,14,-57.0,-5.9,89.9,8.8,323.1,79.91386,-24.09333,373.79
2022-09-24 15:00:00,2022,24,9,15,-57.0,-6.25,88.8,8.7,318.3,79.91389,-24.09335,373.79
2022-09-24 16:00:00,2022,24,9,16,-57.0,-6.567,85.2,8.5,323.1,79.91390,-24.09342,373.79
2022-09-24 17:00:00,2022,24,9,17,-56.0,-6.967,83.2,8.6,317.3,79.91388,-24.09328,373.79
2022-09-24 18:00:00,2022,24,9,18,-56.0,-7.383,77.2,8.6,319.1,79.91388,-24.09341,373.79
2022-09-24 19:00:00,2022,24,9,19,-55.0,-7.917,75.9,8.8,316.2,79.91386,-24.09338,373.79
2022-09-24 20:00:00,2022,24,9,20,-54.0,-7.933,76.7,8.7,319.0,79.91387,-24.09337,373.79
2022-09-24 21:00:00,2022,24,9,21,-53.0,-8.18,79.3,9.2,320.2,79.91385,-24.09361,373.79
2022-09-24 22:00:00,2022,24,9,22,-52.0,-8.3,76.2,8.6,321.6,79.91387,-24.09342,373.79
2022-09-24 23:00:00,2022,24,9,23,-50.0,-8.55,75.9,9.6,324.6,79.91387,-24.09341,373.79
2022-09-25 00:00:00,2022,25,9,0,-49.0,-8.73,77.7,10.4,326.8,79.91388,-24.09331,373.77
2022-09-25 01:00:00,2022,25,9,1,-48.0,-8.68,79.3,11.3,327.0,79.91387,-24.09340,373.77
2022-09-25 02:00:00,2022,25,9,2,-46.0,-8.55,80.5,12.0,329.9,79.91387,-24.09341,373.77
2022-09-25 03:00:00,2022,25,9,3,-45.0,-8.82,81.3,12.8,336.2,79.91386,-24.09344,373.77
2022-09-25 04:00:00,2022,25,9,4,-44.0,-8.75,79.9,11.8,331.7,79.91387,-24.09336,373.77
2022-09-25 05:00:00,2022,25,9,5,-43.0,-8.37,78.8,10.6,325.0,79.91388,-24.09338,373.77
2022-09-25 06:00:00,2022,25,9,6,-42.0,-7.867,78.6,9.3,328.6,79.91388,-24.09359,373.77
2022-09-25 07:00:00,2022,25,9,7,-40.0,-7.45,78.8,8.2,330.0,79.91387,-24.09344,373.77
2022-09-25 08:00:00,2022,25,9,8,-39.0,-7.0,76.8,8.9,323.8,79.91389,-24.09341,373.77
2022-09-25 09:00:00,2022,25,9,9,-38.0,-6.783,76.8,9.1,328.2,79.91386,-24.09344,373.77
2022-09-25 10:00:00,2022,25,9,10,-37.0,-6.55,76.7,9.6,331.0,79.91387,-24.09338,373.77
2022-09-25 11:00:00,2022,25,9,11,-37.0,-6.25,76.2,10.0,335.0,79.91387,-24.09345,373.77
2022-09-25 12:00:00,2022,25,9,12,-36.0,-6.317,74.1,9.6,334.5,79.91388,-24.09342,373.77
2022-09-25 13:00:00,2022,25,9,13,-35.0,-6.367,74.3,10.1,328.1,79.91387,-24.09342,373.77
2022-09-25 14:00:00,2022,25,9,14,-35.0,-6.667,74.8,9.8,324.6,79.91387,-24.09345,373.77
2022-09-25 15:00:00,2022,25,9,15,-34.0,-6.583,72.0,10.2,330.3,79.91389,-24.09336,373.77
2022-09-25 16:00:00,2022,25,9,16,-34.0,-7.017,71.2,9.6,327.9,79.91389,-24.09349,373.77
2022-09-25 17:00:00,2022,25,9,17,-34.0,-7.467,72.4,9.6,326.2,79.91386,-24.09355,373.77
2022-09-25 18:00:00,2022,25,9,18,-33.0,-8.15,71.6,9.2,323.2,79.91384,-24.09350,373.77
2022-09-25 19:00:00,2022,25,9,19,-33.0,-8.68,72.3,8.4,324.8,79.91387,-24.09347,373.77
2022-09-25 20:00:00,2022,25,9,20,-33.0,-8.83,70.9,8.9,313.0,79.91388,-24.09343,373.77
2022-09-25 21:00:00,2022,25,9,21,-33.0,-9.18,69.4,9.3,310.4,79.91386,-24.09345,373.77
2022-09-25 22:00:00,2022,25,9,22,-33.0,-9.38,69.1,9.8,308.3,79.91385,-24.09342,373.77
2022-09-25 23:00:00,2022,25,9,23,-33.0,-9.42,68.2,9.8,306.6,79.91385,-24.09336,373.77
2022-09-26 00:00:00,2022,26,9,0,-34.0,-9.55,68.3,10.8,305.7,79.91387,-24.09336,373.75
2022-09-26 01:00:00,2022,26,9,1,-34.0,-10.33,69.8,11.8,305.8,79.91386,-24.09341,373.75
2022-09-26 02:00:00,2022,26,9,2,-35.0,-10.17,69.1,11.5,304.2,79.91386,-24.09344,373.75
2022-09-26 03:00:00,2022,26,9,3,-35.0,-10.58,69.4,10.7,300.1,79.91386,-24.09337,373.75
2022-09-26 04:00:00,2022,26,9,4,-35.0,-10.58,68.7,10.3,299.1,79.91385,-24.09348,373.75
2022-09-26 05:00:00,2022,26,9,5,-35.0,-10.43,68.3,9.7,304.9,79.91387,-24.09343,373.75
2022-09-26 06:00:00,2022,26,9,6,-35.0,-10.43,67.5,9.1,301.9,79.91389,-24.09353,373.75
2022-09-26 07:00:00,2022,26,9,7,-36.0,-10.47,66.5,9.1,297.3,79.91387,-24.09356,373.75
2022-09-26 08:00:00,2022,26,9,8,-36.0,-10.2,65.7,8.8,300.1,79.91386,-24.09347,373.75
2022-09-26 09:00:00,2022,26,9,9,-36.0,-10.02,66.7,9.7,298.3,79.91387,-24.09353,373.75
2022-09-26 10:00:00,2022,26,9,10,-36.0,-9.65,67.1,9.9,303.8,79.91386,-24.09346,373.75
2022-09-26 11:00:00,2022,26,9,11,-36.0,-9.45,67.0,9.1,300.6,79.91388,-24.09348,373.75
2022-09-26 12:00:00,2022,26,9,12,-36.0,-9.65,67.2,8.8,290.4,79.91388,-24.09346,373.75
2022-09-26 13:00:00,2022,26,9,13,-36.0,-8.27,62.9,6.6,304.8,79.91387,-24.09343,373.75
2022-09-26 14:00:00,2022,26,9,14,-36.0,-7.783,61.2,4.2,341.5,79.91387,-24.09357,373.75
2022-09-26 15:00:00,2022,26,9,15,-36.0,-7.933,61.2,3.6,342.8,79.91388,-24.09344,373.75
2022-09-26 16:00:00,2022,26,9,16,-37.0,-8.17,60.4,5.2,334.4,79.91388,-24.09356,373.75
2022-09-26 17:00:00,2022,26,9,17,-37.0,-9.12,61.5,7.8,290.2,79.91389,-24.09343,373.75
2022-09-26 18:00:00,2022,26,9,18,-37.0,-9.8,61.5,6.7,289.3,79.91387,-24.09345,373.75
2022-09-26 19:00:00,2022,26,9,19,-37.0,-10.75,65.2,8.3,286.7,79.91387,-24.09336,373.75
2022-09-26 20:00:00,2022,26,9,20,-37.0,-11.22,64.8,7.9,287.6,79.91387,-24.09338,373.75
2022-09-26 21:00:00,2022,26,9,21,-37.0,-10.5,60.9,5.8,288.2,79.91387,-24.09334,373.75
2022-09-26 22:00:00,2022,26,9,22,-37.0,-10.9,63.3,6.1,294.1,79.91385,-24.09339,373.75
2022-09-26 23:00:00,2022,26,9,23,-37.0,-10.22,62.7,6.1,296.0,79.91386,-24.09338,373.75
2022-09-27 00:00:00,2022,27,9,0,-37.0,-9.67,62.9,5.1,316.2,79.91388,-24.09335,373.74
2022-09-27 01:00:00,2022,27,9,1,-37.0,-9.45,62.3,2.9,17.2,79.91387,-24.09348,373.74
2022-09-27 02:00:00,2022,27,9,2,-37.0,-8.93,63.6,2.6,1.1,79.91387,-24.09351,373.74
2022-09-27 03:00:00,2022,27,9,3,-37.0,-8.93,64.8,3.6,329.9,79.91387,-24.09341,373.74
2022-09-27 04:00:00,2022,27,9,4,-38.0,-8.8,65.7,6.2,298.9,79.91386,-24.09338,373.74
2022-09-27 05:00:00,2022,27,9,5,-38.0,-9.03,66.0,6.6,302.1,79.91387,-24.09348,373.74
2022-09-27 06:00:00,2022,27,9,6,-38.0,-9.32,67.1,6.2,299.8,79.91389,-24.09352,373.74
2022-09-27 07:00:00,2022,27,9,7,-38.0,-9.32,66.7,6.1,300.9,79.91388,-24.09357,373.74
2022-09-27 08:00:00,2022,27,9,8,-37.0,-9.15,64.6,3.1,314.8,79.91388,-24.09352,373.74
2022-09-27 09:00:00,2022,27,9,9,-37.0,-9.45,65.9,3.0,306.4,79.91388,-24.09354,373.74
2022-09-27 10:00:00,2022,27,9,10,-37.0,-8.93,66.7,3.7,330.4,79.91386,-24.09341,373.74
2022-09-27 11:00:00,2022,27,9,11,-37.0,-8.65,66.4,3.0,353.5,79.91388,-24.09360,373.74
2022-09-27 12:00:00,2022,27,9,12,-37.0,-8.88,67.2,1.6,306.7,79.91389,-24.09355,373.74
2022-09-27 13:00:00,2022,27,9,13,-38.0,-8.47,67.1,2.6,337.9,79.91388,-24.09340,373.74
2022-09-27 14:00:00,2022,27,9,14,-38.0,-9.33,66.0,1.6,357.6,79.91389,-24.09361,373.74
2022-09-27 15:00:00,2022,27,9,15,-38.0,-9.22,67.8,2.1,331.7,79.91388,-24.09347,373.74
2022-09-27 16:00:00,2022,27,9,16,-38.0,-8.75,66.2,3.1,314.2,79.91389,-24.09352,373.74
2022-09-27 17:00:00,2022,27,9,17,-38.0,-9.92,68.2,3.1,309.1,79.91390,-24.09346,373.74
2022-09-27 18:00:00,2022,27,9,18,-38.0,-9.6,66.9,2.6,294.5,79.91389,-24.09353,373.74
2022-09-27 19:00:00,2022,27,9,19,-39.0,-10.9,68.5,4.0,277.7,79.91387,-24.09346,373.74
2022-09-27 20:00:00,2022,27,9,20,-39.0,-11.25,69.2,5.0,279.5,79.91387,-24.09342,373.74
2022-09-27 21:00:00,2022,27,9,21,-39.0,-11.4,70.9,3.1,267.3,79.91386,-24.09336,373.74
2022-09-27 22:00:00,2022,27,9,22,-40.0,-11.8,72.4,2.0,252.4,79.91385,-24.09339,373.74
2022-09-27 23:00:00,2022,27,9,23,-40.0,-11.53,74.1,1.6,239.8,79.91388,-24.09347,373.74
2022-09-28 00:00:00,2022,28,9,0,-41.0,-11.45,76.8,1.9,217.3,79.91388,-24.09339,373.72
2022-09-28 01:00:00,2022,28,9,1,-41.0,-10.87,77.5,2.3,203.1,79.91386,-24.09346,373.72
2022-09-28 02:00:00,2022,28,9,2,-41.0,-10.83,76.9,3.6,191.7,79.91387,-24.09344,373.72
2022-09-28 03:00:00,2022,28,9,3,-42.0,-11.1,78.7,4.6,205.1,79.91388,-24.09342,373.72
2022-09-28 04:00:00,2022,28,9,4,-42.0,-10.8,79.3,4.3,204.8,79.91387,-24.09339,373.72
2022-09-28 05:00:00,2022,28,9,5,-42.0,-10.48,79.5,3.7,198.4,79.91389,-24.09352,373.72
2022-09-28 06:00:00,2022,28,9,6,-42.0,-10.5,80.0,4.3,202.9,79.91389,-24.09356,373.72
2022-09-28 07:00:00,2022,28,9,7,-42.0,-10.48,81.4,4.7,202.2,79.91388,-24.09355,373.72
2022-09-28 08:00:00,2022,28,9,8,-42.0,-10.33,81.4,4.3,209.5,79.91387,-24.09354,373.72
2022-09-28 09:00:00,2022,28,9,9,-42.0,-10.27,79.7,4.0,199.1,79.91388,-24.09346,373.72
2022-09-28 10:00:00,2022,28,9,10,-42.0,-10.15,79.8,3.1,202.8,79.91387,-24.09347,373.72
2022-09-28 11:00:00,2022,28,9,11,-42.0,-9.63,79.7,2.4,211.2,79.91387,-24.09350,373.72
2022-09-28 12:00:00,2022,28,9,12,-42.0,-9.3,79.2,2.2,213.4,79.91388,-24.09352,373.72
2022-09-28 13:00:00,2022,28,9,13,-42.0,-9.08,80.0,1.5,212.7,79.91388,-24.09346,373.72
2022-09-28 14:00:00,2022,28,9,14,-42.0,-9.0,78.0,1.1,274.2,79.91388,-24.09353,373.72
2022-09-28 15:00:00,2022,28,9,15,-42.0,-7.983,74.6,1.2,213.1,79.91386,-24.09339,373.72
2022-09-28 16:00:00,2022,28,9,16,-42.0,-6.1,71.7,1.6,345.4,79.91387,-24.09352,373.72
2022-09-28 17:00:00,2022,28,9,17,-42.0,-3.5,69.0,5.4,356.7,79.91388,-24.09351,373.72
2022-09-28 18:00:00,2022,28,9,18,-41.0,-2.733,69.7,8.4,324.7,79.91388,-24.09344,373.72
2022-09-28 19:00:00,2022,28,9,19,-41.0,-2.717,69.1,8.5,325.4,79.91386,-24.09339,373.72
2022-09-28 20:00:00,2022,28,9,20,-41.0,-3.2,69.5,8.2,328.0,79.91388,-24.09342,373.72
2022-09-28 21:00:00,2022,28,9,21,-40.0,-3.583,68.8,7.3,323.1,79.91387,-24.09337,373.72
2022-09-28 22:00:00,2022,28,9,22,-40.0,-3.983,69.1,6.8,312.9,79.91386,-24.09331,373.72
2022-09-28 23:00:00,2022,28,9,23,-40.0,-4.317,69.3,7.3,307.5,79.91388,-24.09341,373.72
2022-09-29 00:00:00,2022,29,9,0,-40.0,-4.183,67.0,7.5,314.9,79.91388,-24.09338,373.70
2022-09-29 01:00:00,2022,29,9,1,-40.0,-4.55,65.4,7.5,310.1,79.91387,-24.09337,373.70
2022-09-29 02:00:00,2022,29,9,2,-39.0,-4.233,65.4,7.6,315.2,79.91388,-24.09350,373.70
2022-09-29 03:00:00,2022,29,9,3,-39.0,-4.567,64.8,8.0,317.1,79.91389,-24.09345,373.70
2022-09-29 04:00:00,2022,29,9,4,-39.0,-5.7,65.8,7.8,313.3,79.91387,-24.09342,373.70
2022-09-29 05:00:00,2022,29,9,5,-38.0,-6.25,67.0,8.4,308.4,79.91390,-24.09353,373.70
2022-09-29 06:00:00,2022,29,9,6,-38.0,-6.317,67.3,7.9,318.2,79.91389,-24.09352,373.70
2022-09-29 07:00:00,2022,29,9,7,-38.0,-6.467,66.7,7.4,323.5,79.91388,-24.09357,373.70
2022-09-29 08:00:00,2022,29,9,8,-37.0,-7.2,66.7,6.9,312.7,79.91388,-24.09351,373.70
2022-09-29 09:00:00,2022,29,9,9,-37.0,-7.417,67.1,6.6,303.2,79.91387,-24.09351,373.70
2022-09-29 10:00:00,2022,29,9,10,-37.0,-7.367,66.4,5.7,305.7,79.91386,-24.09341,373.70
2022-09-29 11:00:00,2022,29,9,11,-37.0,-7.317,66.2,5.0,304.3,79.91386,-24.09351,373.70
2022-09-29 12:00:00,2022,29,9,12,-37.0,-6.533,68.3,4.8,300.7,79.91385,-24.09351,373.70
2022-09-29 13:00:00,2022,29,9,13,-37.0,-6.317,70.5,2.2,342.6,79.91387,-24.09346,373.70
2022-09-29 14:00:00,2022,29,9,14,-38.0,-6.967,72.0,4.3,286.4,79.91387,-24.09348,373.70
2022-09-29 15:00:00,2022,29,9,15,-38.0,-7.4,73.0,4.5,285.4,79.91388,-24.09339,373.70
2022-09-29 16:00:00,2022,29,9,16,-38.0,-7.267,71.0,4.4,282.2,79.91387,-24.09349,373.70
2022-09-29 17:00:00,2022,29,9,17,-38.0,-6.4,71.5,1.4,224.5,79.91387,-24.09348,373.70
2022-09-29 18:00:00,2022,29,9,18,-38.0,-6.567,75.7,1.5,210.8,79.91387,-24.09340,373.70
2022-09-29 19:00:00,2022,29,9,19,-38.0,-6.667,81.2,1.8,199.0,79.91386,-24.09347,373.70
2022-09-29 20:00:00,2022,29,9,20,-39.0,-7.217,87.6,2.5,206.2,79.91386,-24.09336,373.70
2022-09-29 21:00:00,2022,29,9,21,-39.0,-7.383,89.4,3.2,209.0,79.91386,-24.09338,373.70
2022-09-29 22:00:00,2022,29,9,22,-39.0,-7.55,91.8,4.0,205.9,79.91384,-24.09338,373.70
2022-09-29 23:00:00,2022,29,9,23,-40.0,-7.75,91.8,3.4,219.2,79.91386,-24.09331,373.70
2022-09-30 00:00:00,2022,30,9,0,-40.0,-8.08,92.2,3.9,215.5,79.91388,-24.09342,373.69
2022-09-30 01:00:00,2022,30,9,1,-40.0,-7.583,92.2,3.5,211.4,79.91386,-24.09332,373.69
2022-09-30 02:00:00,2022,30,9,2,-40.0,-7.383,93.1,1.6,182.1,79.91388,-24.09354,373.69
2022-09-30 03:00:00,2022,30,9,3,-40.0,-7.233,93.5,2.4,197.5,79.91388,-24.09345,373.69
2022-09-30 04:00:00,2022,30,9,4,-40.0,-7.167,93.5,2.4,194.5,79.91386,-24.09339,373.69
2022-09-30 05:00:00,2022,30,9,5,-40.0,-7.317,94.2,2.2,198.8,79.91387,-24.09353,373.69
2022-09-30 06:00:00,2022,30,9,6,-40.0,-7.433,94.4,3.0,216.2,79.91388,-24.09346,373.69
2022-09-30 07:00:00,2022,30,9,7,-40.0,-7.383,94.2,2.6,215.0,79.91388,-24.09366,373.69
2022-09-30 08:00:00,2022,30,9,8,-40.0,-7.367,94.9,1.6,185.1,79.91387,-24.09355,373.69
2022-09-30 09:00:00,2022,30,9,9,-40.0,-7.267,95.0,0.8,174.2,79.91388,-24.09349,373.69
2022-09-30 10:00:00,2022,30,9,10,-39.0,-7.15,94.7,1.1,219.9,79.91386,-24.09344,373.69
2022-09-30 11:00:00,2022,30,9,11,-39.0,-7.183,94.2,0.9,229.9,79.91385,-24.09344,373.69
2022-09-30 12:00:00,2022,30,9,12,-39.0,-7.3,94.7,1.1,350.9,79.91387,-24.09353,373.69
2022-09-30 13:00:00,2022,30,9,13,-38.0,-7.1,94.7,2.7,2.2,79.91388,-24.09349,373.69
2022-09-30 14:00:00,2022,30,9,14,-38.0,-7.167,94.2,3.0,353.5,79.91386,-24.09350,373.69
2022-09-30 15:00:00,2022,30,9,15,-38.0,-7.333,93.7,3.3,343.8,79.91388,-24.09340,373.69
2022-09-30 16:00:00,2022,30,9,16,-38.0,-7.85,93.3,4.3,350.2,79.91387,-24.09347,373.69
2022-09-30 17:00:00,2022,30,9,17,-37.0,-7.833,92.4,6.4,340.9,79.91388,-24.09348,373.69
2022-09-30 18:00:00,2022,30,9,18,-37.0,-8.25,91.3,6.8,332.3,79.91387,-24.09348,373.69
2022-09-30 19:00:00,2022,30,9,19,-36.0,-8.62,90.1,7.6,325.8,79.91386,-24.09341,373.69
2022-09-30 20:00:00,2022,30,9,20,-36.0,-9.18,90.5,7.8,337.2,79.91385,-24.09336,373.69
2022-09-30 21:00:00,2022,30,9,21,-36.0,-9.6,92.3,7.7,329.5,79.91387,-24.09341,373.69
2022-09-30 22:00:00,2022,30,9,22,-36.0,-9.82,92.4,6.8,328.8,79.91384,-24.09339,373.69
2022-09-30 23:00:00,2022,30,9,23,-35.0,-9.75,91.7,6.7,326.6,79.91386,-24.09341,373.69
2022-10-01 00:00:00,2022,1,10,0,-35.0,-9.88,90.5,6.4,328.8,79.91388,-24.09355,373.67
2022-10-01 01:00:00,2022,1,10,1,-35.0,-9.92,89.8,6.0,327.8,79.91386,-24.09333,373.67
2022-10-01 02:00:00,2022,1,10,2,-35.0,-10.03,90.6,5.8,334.7,79.91389,-24.09350,373.67
2022-10-01 03:00:00,2022,1,10,3,-35.0,-10.1,92.0,5.5,332.9,79.91390,-24.09355,373.67
2022-10-01 04:00:00,2022,1,10,4,-35.0,-10.1,92.5,5.2,333.5,79.91387,-24.09343,373.67
2022-10-01 05:00:00,2022,1,10,5,-36.0,-10.13,92.1,4.9,344.7,79.91386,-24.09339,373.67
2022-10-01 06:00:00,2022,1,10,6,-36.0,-10.12,91.9,4.6,348.3,79.91389,-24.09353,373.67
2022-10-01 07:00:00,2022,1,10,7,-36.0,-10.17,91.6,3.9,350.0,79.91388,-24.09356,373.67
2022-10-01 08:00:00,2022,1,10,8,-36.0,-10.28,91.5,2.9,344.4,79.91387,-24.09354,373.67
2022-10-01 09:00:00,2022,1,10,9,-36.0,-10.32,91.5,2.8,336.7,79.91387,-24.09355,373.67
2022-10-01 10:00:00,2022,1,10,10,-37.0,-10.4,91.2,2.2,331.6,79.91386,-24.09344,373.67
2022-10-01 11:00:00,2022,1,10,11,-37.0,-10.42,90.8,1.7,338.7,79.91386,-24.09351,373.67
2022-10-01 12:00:00,2022,1,10,12,-38.0,-10.55,90.1,1.5,314.9,79.91387,-24.09346,373.67
2022-10-01 13:00:00,2022,1,10,13,-38.0,-10.37,88.2,0.8,270.2,79.91388,-24.09352,373.67
2022-10-01 14:00:00,2022,1,10,14,-39.0,-10.1,86.9,1.0,266.2,79.91387,-24.09338,373.67
2022-10-01 15:00:00,2022,1,10,15,-39.0,-10.5,85.4,2.1,323.8,79.91387,-24.09341,373.67
2022-10-01 16:00:00,2022,1,10,16,-39.0,-10.82,85.4,2.9,322.1,79.91387,-24.09355,373.67
2022-10-01 17:00:00,2022,1,10,17,-39.0,-11.12,87.6,3.1,350.9,79.91388,-24.09363,373.67
2022-10-01 18:00:00,2022,1,10,18,-39.0,-11.38,86.3,3.2,336.6,79.91388,-24.09347,373.67
2022-10-01 19:00:00,2022,1,10,19,-40.0,-12.25,82.5,4.5,285.4,79.91386,-24.09337,373.67
2022-10-01 20:00:00,2022,1,10,20,-40.0,-13.5,81.5,5.9,281.5,79.91386,-24.09324,373.67
2022-10-01 21:00:00,2022,1,10,21,-40.0,-15.53,78.4,7.2,282.5,79.91387,-24.09342,373.67
2022-10-01 22:00:00,2022,1,10,22,-41.0,-16.37,75.9,6.9,290.8,79.91385,-24.09337,373.67
2022-10-01 23:00:00,2022,1,10,23,-41.0,-15.25,79.9,5.9,291.5,79.91388,-24.09341,373.67
2022-10-02 00:00:00,2022,2,10,0,-41.0,-13.83,83.7,4.2,292.8,79.91388,-24.09345,373.65
2022-10-02 01:00:00,2022,2,10,1,-41.0,-14.03,86.6,5.1,287.0,79.91386,-24.09335,373.65
2022-10-02 02:00:00,2022,2,10,2,-41.0,-13.22,89.3,4.3,294.9,79.91387,-24.09341,373.65
2022-10-02 03:00:00,2022,2,10,3,-41.0,-13.08,89.9,3.6,305.9,79.91387,-24.09350,373.65
2022-10-02 04:00:00,2022,2,10,4,-41.0,-13.43,89.3,3.6,307.9,79.91385,-24.09348,373.65
2022-10-02 05:00:00,2022,2,10,5,-41.0,-14.1,81.4,3.7,304.0,79.91386,-24.09338,373.65
2022-10-02 06:00:00,2022,2,10,6,-41.0,-13.22,82.9,3.0,304.0,79.91389,-24.09347,373.65
2022-10-02 07:00:00,2022,2,10,7,-41.0,-14.02,89.1,2.7,297.7,79.91387,-24.09355,373.65
2022-10-02 08:00:00,2022,2,10,8,-41.0,-15.82,83.6,3.0,309.5,79.91385,-24.09352,373.65
2022-10-02 09:00:00,2022,2,10,9,-41.0,-16.37,83.8,3.4,315.5,79.91389,-24.09352,373.65
2022-10-02 10:00:00,2022,2,10,10,-41.0,-16.25,82.1,3.6,318.1,79.91387,-24.09350,373.65
2022-10-02 11:00:00,2022,2,10,11,-41.0,-16.6,88.6,3.2,324.4,79.91386,-24.09343,373.65
2022-10-02 12:00:00,2022,2,10,12,-41.0,-16.35,85.6,2.4,333.2,79.91385,-24.09333,373.65
2022-10-02 13:00:00,2022,2,10,13,-41.0,-15.68,85.3,2.2,348.3,79.91388,-24.09339,373.65
2022-10-02 14:00:00,2022,2,10,14,-41.0,-15.43,84.4,1.1,344.7,79.91386,-24.09343,373.65
2022-10-02 15:00:00,2022,2,10,15,-42.0,-16.37,83.0,2.2,320.2,79.91388,-24.09335,373.65
2022-10-02 16:00:00,2022,2,10,16,-42.0,-16.62,79.2,2.2,317.3,79.91387,-24.09337,373.65
2022-10-02 17:00:00,2022,2,10,17,-42.0,-15.92,78.4,1.4,301.1,79.91387,-24.09342,373.65
2022-10-02 18:00:00,2022,2,10,18,-42.0,-16.25,78.4,1.5,274.3,79.91388,-24.09340,373.65
2022-10-02 19:00:00,2022,2,10,19,-42.0,-16.53,78.7,1.7,252.3,79.91388,-24.09343,373.65
2022-10-02 20:00:00,2022,2,10,20,-42.0,-17.02,80.0,1.6,221.7,79.91386,-24.09346,373.65
2022-10-02 21:00:00,2022,2,10,21,-42.0,-16.97,84.0,0.7,320.2,79.91387,-24.09341,373.65
2022-10-02 22:00:00,2022,2,10,22,-42.0,-17.48,87.5,3.3,345.7,79.91386,-24.09339,373.65
2022-10-02 23:00:00,2022,2,10,23,-42.0,-17.57,86.4,2.6,321.2,79.91388,-24.09337,373.65
2022-10-03 00:00:00,2022,3,10,0,-42.0,-17.8,84.4,2.0,328.2,79.91388,-24.09331,373.64
2022-10-03 01:00:00,2022,3,10,1,-41.0,-17.48,84.8,1.7,321.9,79.91387,-24.09332,373.64
2022-10-03 02:00:00,2022,3,10,2,-41.0,-17.78,85.3,2.3,326.2,79.91386,-24.09331,373.64
2022-10-03 03:00:00,2022,3,10,3,-41.0,-17.38,85.2,2.6,343.8,79.91388,-24.09340,373.64
2022-10-03 04:00:00,2022,3,10,4,-41.0,-17.3,85.5,2.6,355.0,79.91386,-24.09348,373.64
2022-10-03 05:00:00,2022,3,10,5,-41.0,-16.23,83.9,3.1,353.2,79.91385,-24.09323,373.64
2022-10-03 06:00:00,2022,3,10,6,-41.0,-14.68,75.0,2.1,348.6,79.91387,-24.09339,373.64
2022-10-03 07:00:00,2022,3,10,7,-41.0,-13.58,65.3,3.1,342.2,79.91387,-24.09347,373.64
2022-10-03 08:00:00,2022,3,10,8,-41.0,-14.07,61.8,1.6,335.4,79.91387,-24.09344,373.64
2022-10-03 09:00:00,2022,3,10,9,-40.0,-14.57,60.8,3.2,310.9,79.91389,-24.09349,373.64
2022-10-03 10:00:00,2022,3,10,10,-40.0,-14.4,58.8,3.2,331.7,79.91388,-24.09348,373.64
2022-10-03 11:00:00,2022,3,10,11,-40.0,-13.58,58.5,1.8,326.8,79.91387,-24.09342,373.64
2022-10-03 12:00:00,2022,3,10,12,-40.0,-14.52,61.6,2.1,13.9,79.91387,-24.09341,373.64
2022-10-03 13:00:00,2022,3,10,13,-40.0,-15.42,64.3,0.9,297.6,79.91389,-24.09355,373.64
2022-10-03 14:00:00,2022,3,10,14,-40.0,-15.52,64.1,2.5,280.2,79.91388,-24.09335,373.64
2022-10-03 15:00:00,2022,3,10,15,-41.0,-16.02,65.5,2.2,252.2,79.91387,-24.09338,373.64
2022-10-03 16:00:00,2022,3,10,16,-41.0,-16.35,66.9,2.3,260.1,79.91387,-24.09343,373.64
2022-10-03 17:00:00,2022,3,10,17,-41.0,-16.28,66.9,1.6,236.5,79.91389,-24.09331,373.64
2022-10-03 18:00:00,2022,3,10,18,-41.0,-16.73,71.8,0.7,238.6,79.91388,-24.09342,373.64
2022-10-03 19:00:00,2022,3,10,19,-41.0,-16.82,74.0,0.5,251.1,79.91388,-24.09338,373.64
2022-10-03 20:00:00,2022,3,10,20,-42.0,-17.53,79.7,0.2,321.4,79.91388,-24.09349,373.64
2022-10-03 21:00:00,2022,3,10,21,-42.0,-17.37,86.8,0.7,346.2,79.91387,-24.09337,373.64
2022-10-03 22:00:00,2022,3,10,22,-43.0,-17.0,87.3,0.1,324.2,79.91385,-24.09336,373.64
2022-10-03 23:00:00,2022,3,10,23,-43.0,-16.72,86.4,0.4,241.8,79.91386,-24.09339,373.64
2022-10-04 00:00:00,2022,4,10,0,-44.0,-16.17,87.0,0.6,204.9,79.91388,-24.09340,373.62
2022-10-04 01:00:00,2022,4,10,1,-44.0,-15.33,87.1,1.1,156.6,79.91386,-24.09341,373.62
2022-10-04 02:00:00,2022,4,10,2,-45.0,-15.17,87.0,0.7,133.7,79.91388,-24.09345,373.62
2022-10-04 03:00:00,2022,4,10,3,-46.0,-15.05,86.3,1.2,150.1,79.91388,-24.09346,373.62
2022-10-04 04:00:00,2022,4,10,4,-46.0,-14.9,85.9,1.4,149.9,79.91387,-24.09352,373.62
2022-10-04 05:00:00,2022,4,10,5,-47.0,-14.87,84.7,1.1,154.4,79.91387,-24.09328,373.62
2022-10-04 06:00:00,2022,4,10,6,-47.0,-15.25,87.8,1.5,17.6,79.91385,-24.09341,373.62
2022-10-04 07:00:00,2022,4,10,7,-47.0,-16.43,86.3,3.4,346.3,79.91386,-24.09352,373.62
2022-10-04 08:00:00,2022,4,10,8,-47.0,-16.0,86.7,3.3,334.9,79.91387,-24.09357,373.62
2022-10-04 09:00:00,2022,4,10,9,-47.0,-15.07,87.0,3.1,320.6,79.91384,-24.09353,373.62
2022-10-04 10:00:00,2022,4,10,10,-47.0,-15.27,86.6,4.4,319.5,79.91388,-24.09348,373.62
2022-10-04 11:00:00,2022,4,10,11,-48.0,-14.83,86.5,5.3,321.8,79.91387,-24.09349,373.62
2022-10-04 12:00:00,2022,4,10,12,-48.0,-14.52,84.3,5.6,329.0,79.91388,-24.09347,373.62
2022-10-04 13:00:00,2022,4,10,13,-48.0,-14.25,78.7,6.0,325.8,79.91389,-24.09364,373.62
2022-10-04 14:00:00,2022,4,10,14,-48.0,-14.58,72.7,7.6,329.7,79.91387,-24.09348,373.62
2022-10-04 15:00:00,2022,4,10,15,-48.0,-14.53,76.6,7.8,334.8,79.91390,-24.09344,373.62
2022-10-04 16:00:00,2022,4,10,16,-48.0,-14.73,76.8,8.2,328.1,79.91387,-24.09341,373.62
2022-10-04 17:00:00,2022,4,10,17,-48.0,-15.37,69.3,8.4,325.4,79.91390,-24.09334,373.62
2022-10-04 18:00:00,2022,4,10,18,-48.0,-15.38,70.8,8.0,335.5,79.91388,-24.09343,373.62
2022-10-04 19:00:00,2022,4,10,19,-48.0,-15.52,70.7,8.5,335.2,79.91387,-24.09336,373.62
2022-10-04 20:00:00,2022,4,10,20,-48.0,-16.0,70.9,8.6,324.8,79.91386,-24.09347,373.62
2022-10-04 21:00:00,2022,4,10,21,-48.0,-16.22,75.9,8.4,319.1,79.91387,-24.09341,373.62
2022-10-04 22:00:00,2022,4,10,22,-47.0,-16.45,82.3,8.7,317.9,79.91386,-24.09338,373.62
2022-10-04 23:00:00,2022,4,10,23,-47.0,-16.12,73.5,8.4,319.1,79.91388,-24.09333,373.62
2022-10-05 00:00:00,2022,5,10,0,-47.0,-16.15,81.7,8.2,317.9,79.91388,-24.09337,373.60
2022-10-05 01:00:00,2022,5,10,1,-46.0,-16.27,84.3,8.2,316.7,79.91387,-24.09335,373.60
2022-10-05 02:00:00,2022,5,10,2,-46.0,-16.37,82.8,8.2,316.3,79.91387,-24.09333,373.60
2022-10-05 03:00:00,2022,5,10,3,-46.0,-16.4,81.2,7.8,322.0,79.91388,-24.09342,373.60
2022-10-05 04:00:00,2022,5,10,4,-45.0,-16.4,79.5,8.1,323.6,79.91387,-24.09346,373.60
2022-10-05 05:00:00,2022,5,10,5,-45.0,-16.93,79.0,8.4,324.4,79.91386,-24.09334,373.60
2022-10-05 06:00:00,2022,5,10,6,-44.0,-17.48,83.2,8.6,320.5,79.91387,-24.09352,373.60
2022-10-05 07:00:00,2022,5,10,7,-44.0,-17.48,83.8,8.2,315.5,79.91386,-24.09349,373.60
2022-10-05 08:00:00,2022,5,10,8,-44.0,-17.53,73.1,7.5,324.5,79.91383,-24.09350,373.60
2022-10-05 09:00:00,2022,5,10,9,-43.0,-17.68,72.4,7.6,321.4,79.91387,-24.09340,373.60
2022-10-05 10:00:00,2022,5,10,10,-43.0,-17.78,73.4,7.3,318.4,79.91387,-24.09341,373.60
2022-10-05 11:00:00,2022,5,10,11,-42.0,-16.95,74.0,7.3,328.7,79.91387,-24.09337,373.60
2022-10-05 12:00:00,2022,5,10,12,-42.0,-16.87,72.3,6.9,325.5,79.91387,-24.09339,373.60
2022-10-05 13:00:00,2022,5,10,13,-42.0,-17.55,75.6,6.7,336.8,79.91389,-24.09364,373.60
2022-10-05 14:00:00,2022,5,10,14,-42.0,-16.82,71.0,7.1,332.8,79.91387,-24.09332,373.60
2022-10-05 15:00:00,2022,5,10,15,-42.0,-16.92,75.1,6.7,342.6,79.91389,-24.09336,373.60
2022-10-05 16:00:00,2022,5,10,16,-42.0,-17.5,83.1,7.3,341.0,79.91385,-24.09334,373.60
2022-10-05 17:00:00,2022,5,10,17,-42.0,-17.15,82.1,7.2,336.1,79.91386,-24.09335,373.60
2022-10-05 18:00:00,2022,5,10,18,-42.0,-16.63,81.0,6.6,340.3,79.91388,-24.09334,373.60
2022-10-05 19:00:00,2022,5,10,19,-41.0,-16.53,82.5,6.0,334.1,79.91388,-24.09336,373.60
2022-10-05 20:00:00,2022,5,10,20,-41.0,-16.32,82.6,6.0,331.3,79.91388,-24.09344,373.60
2022-10-05 21:00:00,2022,5,10,21,-41.0,-15.83,81.9,6.1,333.8,79.91388,-24.09340,373.60
2022-10-05 22:00:00,2022,5,10,22,-41.0,-15.98,81.2,5.6,341.8,79.91386,-24.09330,373.60
2022-10-05 23:00:00,2022,5,10,23,-41.0,-16.13,80.7,5.2,342.8,79.91388,-24.09323,373.60
2022-10-06 00:00:00,2022,6,10,0,-42.0,-16.65,82.2,5.7,333.4,79.91388,-24.09337,373.59
2022-10-06 01:00:00,2022,6,10,1,-42.0,-16.7,81.5,5.8,334.1,79.91387,-24.09342,373.59
2022-10-06 02:00:00,2022,6,10,2,-42.0,-17.45,80.8,5.5,332.9,79.91386,-24.09337,373.59
2022-10-06 03:00:00,2022,6,10,3,-42.0,-17.77,78.5,5.7,338.3,79.91388,-24.09346,373.59
2022-10-06 04:00:00,2022,6,10,4,-42.0,-17.48,76.8,5.7,335.5,79.91388,-24.09350,373.59
2022-10-06 05:00:00,2022,6,10,5,-43.0,-17.25,75.7,6.2,328.6,79.91387,-24.09329,373.59
2022-10-06 06:00:00,2022,6,10,6,-43.0,-17.73,76.6,6.1,330.7,79.91387,-24.09345,373.59
2022-10-06 07:00:00,2022,6,10,7,-43.0,-17.62,75.8,6.3,326.5,79.91385,-24.09350,373.59
2022-10-06 08:00:00,2022,6,10,8,-43.0,-17.67,74.6,5.8,329.4,79.91387,-24.09346,373.59
2022-10-06 09:00:00,2022,6,10,9,-43.0,-17.28,73.4,5.3,340.4,79.91384,-24.09349,373.59
2022-10-06 10:00:00,2022,6,10,10,-43.0,-18.27,76.5,5.5,341.4,79.91387,-24.09336,373.59
2022-10-06 11:00:00,2022,6,10,11,-43.0,-18.2,76.4,5.4,351.4,79.91387,-24.09335,373.59
2022-10-06 12:00:00,2022,6,10,12,-43.0,-16.6,75.4,6.2,340.9,79.91386,-24.09335,373.59
2022-10-06 13:00:00,2022,6,10,13,-43.0,-16.33,76.2,6.4,340.7,79.91388,-24.09357,373.59
2022-10-06 14:00:00,2022,6,10,14,-43.0,-16.8,80.7,6.3,341.4,79.91388,-24.09333,373.59
2022-10-06 15:00:00,2022,6,10,15,-43.0,-17.58,81.7,6.2,343.1,79.91388,-24.09339,373.59
2022-10-06 16:00:00,2022,6,10,16,-42.0,-16.88,79.7,7.0,327.3,79.91386,-24.09333,373.59
2022-10-06 17:00:00,2022,6,10,17,-42.0,-16.52,74.1,7.3,324.3,79.91390,-24.09340,373.59
2022-10-06 18:00:00,2022,6,10,18,-41.0,-16.55,72.5,7.8,325.2,79.91388,-24.09347,373.59
2022-10-06 19:00:00,2022,6,10,19,-41.0,-16.32,73.8,7.7,324.1,79.91387,-24.09344,373.59
2022-10-06 20:00:00,2022,6,10,20,-40.0,-16.2,74.7,7.5,334.9,79.91385,-24.09351,373.59
2022-10-06 21:00:00,2022,6,10,21,-40.0,-15.47,70.8,7.6,332.7,79.91387,-24.09339,373.59
2022-10-06 22:00:00,2022,6,10,22,-40.0,-15.55,71.6,8.4,338.5,79.91385,-24.09333,373.59
2022-10-06 23:00:00,2022,6,10,23,-40.0,-16.07,74.6,7.8,344.4,79.91389,-24.09332,373.59
2022-10-07 00:00:00,2022,7,10,0,-39.0,-16.35,75.7,6.7,348.4,79.91387,-24.09343,373.57
2022-10-07 01:00:00,2022,7,10,1,-39.0,-16.52,75.3,6.2,11.6,79.91386,-24.09343,373.57
2022-10-07 02:00:00,2022,7,10,2,-39.0,-16.1,75.0,5.6,19.6,79.91386,-24.09335,373.57
2022-10-07 03:00:00,2022,7,10,3,-38.0,-16.38,76.7,5.6,8.4,79.91387,-24.09344,373.57
2022-10-07 04:00:00,2022,7,10,4,-38.0,-16.05,78.1,nan,nan,79.91388,-24.09348,373.57
2022-10-07 05:00:00,2022,7,10,5,-38.0,-15.33,75.4,7.6,348.8,79.91387,-24.09343,373.57
2022-10-07 06:00:00,2022,7,10,6,-38.0,-15.1,75.7,9.9,341.5,79.91388,-24.09340,373.57
2022-10-07 07:00:00,2022,7,10,7,-37.0,-15.22,76.2,9.1,338.2,79.91386,-24.09345,373.57
2022-10-07 08:00:00,2022,7,10,8,-37.0,-15.18,74.4,9.5,334.3,79.91383,-24.09348,373.57
2022-10-07 09:00:00,2022,7,10,9,-36.0,-15.32,73.0,8.3,338.2,79.91386,-24.09360,373.57
2022-10-07 10:00:00,2022,7,10,10,-36.0,-15.58,73.0,8.3,345.2,79.91387,-24.09346,373.57
2022-10-07 11:00:00,2022,7,10,11,-36.0,-15.75,71.7,7.4,328.8,79.91387,-24.09338,373.57
2022-10-07 12:00:00,2022,7,10,12,-37.0,-16.22,72.6,8.1,331.1,79.91387,-24.09340,373.57
2022-10-07 13:00:00,2022,7,10,13,-37.0,-16.43,74.4,10.2,321.7,79.91388,-24.09355,373.57
2022-10-07 14:00:00,2022,7,10,14,-37.0,-16.52,74.2,10.0,321.3,79.91389,-24.09337,373.57
2022-10-07 15:00:00,2022,7,10,15,-37.0,-16.43,74.1,9.2,332.7,79.91388,-24.09339,373.57
2022-10-07 16:00:00,2022,7,10,16,-37.0,-16.5,72.8,7.5,336.9,79.91387,-24.09326,373.57
2022-10-07 17:00:00,2022,7,10,17,-37.0,-16.3,71.6,8.0,326.1,79.91391,-24.09337,373.57
2022-10-07 18:00:00,2022,7,10,18,-37.0,-16.18,69.6,7.2,332.1,79.91389,-24.09346,373.57
2022-10-07 19:00:00,2022,7,10,19,-38.0,-16.45,69.7,7.2,321.8,79.91386,-24.09344,373.57
2022-10-07 20:00:00,2022,7,10,20,-38.0,-16.43,70.4,6.9,327.7,79.91384,-24.09349,373.57
2022-10-07 21:00:00,2022,7,10,21,-38.0,-16.67,70.8,7.9,323.3,79.91386,-24.09345,373.57
2022-10-07 22:00:00,2022,7,10,22,-39.0,-16.32,70.5,8.2,326.8,79.91386,-24.09346,373.57
2022-10-07 23:00:00,2022,7,10,23,-39.0,-16.07,71.3,8.1,324.3,79.91388,-24.09333,373.57
2022-10-08 00:00:00,2022,8,10,0,-39.0,-16.1,72.8,8.1,323.9,79.91387,-24.09336,373.55
2022-10-08 01:00:00,2022,8,10,1,-40.0,-16.42,73.6,7.4,328.2,79.91387,-24.09333,373.55
2022-10-08 02:00:00,2022,8,10,2,-40.0,-16.25,74.7,7.3,325.3,79.91386,-24.09342,373.55
2022-10-08 03:00:00,2022,8,10,3,-40.0,-15.35,76.3,6.6,329.6,79.91387,-24.09331,373.55
2022-10-08 04:00:00,2022,8,10,4,-41.0,-15.2,75.9,6.4,330.5,79.91388,-24.09347,373.55
2022-10-08 05:00:00,2022,8,10,5,-41.0,-15.0,75.6,5.1,335.4,79.91387,-24.09348,373.55
2022-10-08 06:00:00,2022,8,10,6,-41.0,-16.38,76.3,3.2,9.6,79.91388,-24.09349,373.55
2022-10-08 07:00:00,2022,8,10,7,-41.0,-16.65,77.6,3.2,359.4,79.91387,-24.09350,373.55
2022-10-08 08:00:00,2022,8,10,8,-41.0,-16.12,75.3,3.1,54.3,79.91386,-24.09338,373.55
2022-10-08 09:00:00,2022,8,10,9,-42.0,-15.98,75.0,3.7,359.2,79.91386,-24.09357,373.55
2022-10-08 10:00:00,2022,8,10,10,-42.0,-16.17,73.1,4.7,347.2,79.91387,-24.09352,373.55
2022-10-08 11:00:00,2022,8,10,11,-42.0,-16.42,71.0,5.6,326.1,79.91386,-24.09346,373.55
2022-10-08 12:00:00,2022,8,10,12,-43.0,-17.13,73.8,6.0,324.6,79.91385,-24.09331,373.55
2022-10-08 13:00:00,2022,8,10,13,-43.0,-16.63,79.2,7.0,333.6,79.91388,-24.09351,373.55
2022-10-08 14:00:00,2022,8,10,14,-43.0,-16.02,81.2,6.7,333.0,79.91388,-24.09335,373.55
2022-10-08 15:00:00,2022,8,10,15,-43.0,-15.48,83.7,6.6,328.3,79.91389,-24.09336,373.55
2022-10-08 16:00:00,2022,8,10,16,-43.0,-15.58,83.7,6.6,333.8,79.91386,-24.09342,373.55
2022-10-08 17:00:00,2022,8,10,17,-43.0,-16.28,83.4,5.6,4.0,79.91386,-24.09339,373.55
2022-10-08 18:00:00,2022,8,10,18,-43.0,-16.93,82.0,3.2,44.0,79.91385,-24.09339,373.55
2022-10-08 19:00:00,2022,8,10,19,-43.0,-16.53,73.4,4.9,2.7,79.91385,-24.09344,373.55
2022-10-08 20:00:00,2022,8,10,20,-42.0,-16.2,70.5,8.0,334.7,79.91387,-24.09347,373.55
2022-10-08 21:00:00,2022,8,10,21,-42.0,-16.42,70.8,8.0,349.1,79.91385,-24.09341,373.55
2022-10-08 22:00:00,2022,8,10,22,-42.0,-16.57,72.0,6.7,9.0,79.91387,-24.09341,373.55
2022-10-08 23:00:00,2022,8,10,23,-42.0,-17.48,74.3,5.8,37.9,79.91387,-24.09330,373.55
2022-10-09 00:00:00,2022,9,10,0,-42.0,-18.22,78.3,6.6,6.0,79.91387,-24.09338,373.54
2022-10-09 01:00:00,2022,9,10,1,-42.0,-17.98,81.4,7.1,349.3,79.91386,-24.09337,373.54
2022-10-09 02:00:00,2022,9,10,2,-42.0,-16.08,74.3,7.0,354.1,79.91385,-24.09336,373.54
2022-10-09 03:00:00,2022,9,10,3,-41.0,-15.67,73.3,5.5,27.2,79.91387,-24.09331,373.54
2022-10-09 04:00:00,2022,9,10,4,-41.0,-17.18,77.3,4.2,23.0,79.91387,-24.09345,373.54
2022-10-09 05:00:00,2022,9,10,5,-41.0,-16.87,76.7,4.1,42.9,79.91387,-24.09356,373.54
2022-10-09 06:00:00,2022,9,10,6,-40.0,-15.93,73.7,3.1,47.1,79.91387,-24.09336,373.54
2022-10-09 07:00:00,2022,9,10,7,-40.0,-15.57,72.5,3.8,34.4,79.91385,-24.09346,373.54
2022-10-09 08:00:00,2022,9,10,8,-39.0,-14.52,69.8,3.8,9.3,79.91386,-24.09342,373.54
2022-10-09 09:00:00,2022,9,10,9,-39.0,-13.8,71.5,4.9,353.0,79.91387,-24.09358,373.54
2022-10-09 10:00:00,2022,9,10,10,-39.0,-13.68,70.1,5.8,353.7,79.91388,-24.09352,373.54
2022-10-09 11:00:00,2022,9,10,11,-38.0,-14.17,70.4,4.2,358.9,79.91386,-24.09340,373.54
2022-10-09 12:00:00,2022,9,10,12,-38.0,-13.23,68.5,7.3,324.7,79.91384,-24.09331,373.54
2022-10-09 13:00:00,2022,9,10,13,-38.0,-13.22,68.3,7.2,321.1,79.91388,-24.09345,373.54
2022-10-09 14:00:00,2022,9,10,14,-38.0,-13.45,67.9,6.8,325.3,79.91387,-24.09339,373.54
2022-10-09 15:00:00,2022,9,10,15,-38.0,-13.7,67.4,6.9,319.3,79.91389,-24.09342,373.54
2022-10-09 16:00:00,2022,9,10,16,-37.0,-14.23,66.7,5.8,341.2,79.91387,-24.09337,373.54
2022-10-09 17:00:00,2022,9,10,17,-37.0,-14.37,64.8,5.6,335.5,79.91386,-24.09337,373.54
2022-10-09 18:00:00,2022,9,10,18,-37.0,-14.53,63.6,6.2,322.4,79.91387,-24.09342,373.54
2022-10-09 19:00:00,2022,9,10,19,-37.0,-15.07,64.4,5.9,320.9,79.91388,-24.09331,373.54
2022-10-09 20:00:00,2022,9,10,20,-37.0,-15.52,65.0,4.2,336.5,79.91386,-24.09336,373.54
2022-10-09 21:00:00,2022,9,10,21,-37.0,-15.0,64.5,4.8,331.0,79.91386,-24.09352,373.54
2022-10-09 22:00:00,2022,9,10,22,-37.0,-15.28,64.9,2.0,354.9,79.91385,-24.09324,373.54
2022-10-09 23:00:00,2022,9,10,23,-38.0,-16.1,66.9,3.9,322.9,79.91387,-24.09333,373.54
2022-10-10 00:00:00,2022,10,10,0,-38.0,-16.27,67.3,4.3,329.3,79.91385,-24.09340,373.52
2022-10-10 01:00:00,2022,10,10,1,-38.0,-16.03,67.0,4.6,326.3,79.91387,-24.09345,373.52
2022-10-10 02:00:00,2022,10,10,2,-38.0,-15.62,66.5,4.7,318.2,79.91385,-24.09336,373.52
2022-10-10 03:00:00,2022,10,10,3,-39.0,-16.7,67.9,3.9,314.1,79.91384,-24.09342,373.52
2022-10-10 04:00:00,2022,10,10,4,-39.0,-18.23,70.7,4.7,293.1,79.91388,-24.09335,373.52
2022-10-10 05:00:00,2022,10,10,5,-39.0,-19.05,71.3,4.9,290.5,79.91387,-24.09348,373.52
2022-10-10 06:00:00,2022,10,10,6,-40.0,-19.23,71.1,5.8,288.5,79.91388,-24.09350,373.52
2022-10-10 07:00:00,2022,10,10,7,-40.0,-19.4,71.0,5.9,289.5,79.91388,-24.09347,373.52
2022-10-10 08:00:00,2022,10,10,8,-40.0,-19.58,71.3,5.4,285.6,79.91387,-24.09346,373.52
2022-10-10 09:00:00,2022,10,10,9,-40.0,-19.33,71.2,4.4,287.1,79.91387,-24.09344,373.52
2022-10-10 10:00:00,2022,10,10,10,-41.0,-19.3,69.7,4.8,282.0,79.91387,-24.09348,373.52
2022-10-10 11:00:00,2022,10,10,11,-41.0,-18.57,69.9,4.4,291.4,79.91387,-24.09343,373.52
2022-10-10 12:00:00,2022,10,10,12,-41.0,-18.57,70.2,3.4,294.5,79.91386,-24.09326,373.52
2022-10-10 13:00:00,2022,10,10,13,-42.0,-18.85,70.2,3.5,287.3,79.91388,-24.09360,373.52
2022-10-10 14:00:00,2022,10,10,14,-42.0,-19.15,69.2,4.9,282.6,79.91388,-24.09341,373.52
2022-10-10 15:00:00,2022,10,10,15,-43.0,-18.65,68.8,4.4,278.3,79.91389,-24.09349,373.52
2022-10-10 16:00:00,2022,10,10,16,-43.0,-19.22,69.1,4.1,282.8,79.91386,-24.09339,373.52
2022-10-10 17:00:00,2022,10,10,17,-44.0,-18.7,66.0,4.5,268.5,79.91388,-24.09339,373.52
2022-10-10 18:00:00,2022,10,10,18,-44.0,-19.8,64.8,6.7,280.0,79.91388,-24.09341,373.52
2022-10-10 19:00:00,2022,10,10,19,-44.0,-19.58,64.3,6.1,288.9,79.91386,-24.09328,373.52
2022-10-10 20:00:00,2022,10,10,20,-45.0,-19.55,63.7,4.9,282.6,79.91388,-24.09338,373.52
2022-10-10 21:00:00,2022,10,10,21,-45.0,-19.1,63.3,3.4,273.2,79.91385,-24.09331,373.52
2022-10-10 22:00:00,2022,10,10,22,-46.0,-19.7,65.6,3.5,273.1,79.91384,-24.09318,373.52
2022-10-10 23:00:00,2022,10,10,23,-46.0,-20.03,65.9,3.9,276.9,79.91387,-24.09328,373.52
2022-10-11 00:00:00,2022,11,10,0,-46.0,-19.73,66.1,2.9,246.1,79.91387,-24.09336,373.50
2022-10-11 01:00:00,2022,11,10,1,-46.0,-19.97,66.0,2.1,222.7,79.91386,-24.09340,373.50
2022-10-11 02:00:00,2022,11,10,2,-46.0,-19.82,66.8,2.9,238.9,79.91384,-24.09331,373.50
2022-10-11 03:00:00,2022,11,10,3,-47.0,-19.4,67.9,3.0,227.7,79.91385,-24.09345,373.50
2022-10-11 04:00:00,2022,11,10,4,-47.0,-19.47,66.3,2.6,246.1,79.91385,-24.09338,373.50
2022-10-11 05:00:00,2022,11,10,5,-47.0,-19.93,65.3,2.8,245.3,79.91388,-24.09348,373.50
2022-10-11 06:00:00,2022,11,10,6,-46.0,-20.32,64.5,2.7,263.5,79.91386,-24.09354,373.50
2022-10-11 07:00:00,2022,11,10,7,-46.0,-21.32,64.2,3.0,295.3,79.91385,-24.09348,373.50
2022-10-11 08:00:00,2022,11,10,8,-46.0,-22.03,63.6,5.3,285.6,79.91388,-24.09356,373.50
2022-10-11 09:00:00,2022,11,10,9,-46.0,-22.28,66.0,4.9,293.5,79.91385,-24.09346,373.50
2022-10-11 10:00:00,2022,11,10,10,-46.0,-21.25,63.4,3.6,308.0,79.91387,-24.09346,373.50
2022-10-11 11:00:00,2022,11,10,11,-45.0,-20.42,59.6,3.5,305.3,79.91388,-24.09345,373.50
2022-10-11 12:00:00,2022,11,10,12,-45.0,-20.02,59.0,3.3,313.6,79.91387,-24.09334,373.50
2022-10-11 13:00:00,2022,11,10,13,-45.0,-20.05,58.1,4.2,310.6,79.91388,-24.09343,373.50
2022-10-11 14:00:00,2022,11,10,14,-45.0,-20.02,58.7,5.1,297.1,79.91388,-24.09334,373.50
2022-10-11 15:00:00,2022,11,10,15,-45.0,-19.2,57.0,4.2,345.6,79.91389,-24.09342,373.50
2022-10-11 16:00:00,2022,11,10,16,-45.0,-19.15,57.8,4.4,8.6,79.91388,-24.09343,373.50
2022-10-11 17:00:00,2022,11,10,17,-45.0,-18.75,58.3,6.0,314.1,79.91388,-24.09339,373.50
2022-10-11 18:00:00,2022,11,10,18,-44.0,-18.78,58.7,6.7,320.6,79.91386,-24.09331,373.50
2022-10-11 19:00:00,2022,11,10,19,-44.0,-19.13,61.5,5.8,320.9,79.91383,-24.09338,373.50
2022-10-11 20:00:00,2022,11,10,20,-44.0,-19.12,60.8,6.6,318.0,79.91385,-24.09343,373.50
2022-10-11 21:00:00,2022,11,10,21,-44.0,-18.75,59.5,6.9,322.9,79.91384,-24.09337,373.50
2022-10-11 22:00:00,2022,11,10,22,-43.0,-18.8,59.4,7.4,321.0,79.91384,-24.09325,373.50
2022-10-11 23:00:00,2022,11,10,23,-43.0,-18.97,60.5,7.4,320.9,79.91386,-24.09337,373.50
2022-10-12 00:00:00,2022,12,10,0,-43.0,-18.52,59.5,7.7,327.4,79.91386,-24.09337,373.49
2022-10-12 01:00:00,2022,12,10,1,-42.0,-18.22,59.4,7.7,326.9,79.91388,-24.09337,373.49
2022-10-12 02:00:00,2022,12,10,2,-42.0,-18.5,60.3,7.3,323.0,79.91387,-24.09334,373.49
2022-10-12 03:00:00,2022,12,10,3,-42.0,-18.67,60.1,7.7,318.7,79.91387,-24.09334,373.49
2022-10-12 04:00:00,2022,12,10,4,-41.0,-18.37,60.4,7.8,321.1,79.91387,-24.09346,373.49
2022-10-12 05:00:00,2022,12,10,5,-41.0,-18.47,60.5,8.1,319.9,79.91388,-24.09357,373.49
2022-10-12 06:00:00,2022,12,10,6,-41.0,-18.53,60.4,8.3,316.5,79.91388,-24.09351,373.49
2022-10-12 07:00:00,2022,12,10,7,-40.0,-18.63,63.0,8.8,312.6,79.91387,-24.09348,373.49
2022-10-12 08:00:00,2022,12,10,8,-40.0,-18.55,64.6,8.8,317.3,79.91387,-24.09345,373.49
2022-10-12 09:00:00,2022,12,10,9,-39.0,-18.43,65.3,9.1,318.2,79.91384,-24.09341,373.49
2022-10-12 10:00:00,2022,12,10,10,-39.0,-18.28,65.8,9.5,314.9,79.91390,-24.09384,373.49
2022-10-12 11:00:00,2022,12,10,11,-38.0,-18.47,68.2,9.6,316.3,79.91387,-24.09360,373.49
2022-10-12 12:00:00,2022,12,10,12,-38.0,-18.33,69.7,9.1,318.5,79.91387,-24.09336,373.49
2022-10-12 13:00:00,2022,12,10,13,-38.0,-18.02,69.7,9.5,319.0,79.91388,-24.09356,373.49
2022-10-12 14:00:00,2022,12,10,14,-37.0,-18.05,67.6,8.9,322.4,79.91386,-24.09309,373.49
2022-10-12 15:00:00,2022,12,10,15,-37.0,-18.15,67.9,8.2,328.7,79.91387,-24.09342,373.49
2022-10-12 16:00:00,2022,12,10,16,-36.0,-18.13,69.7,8.4,323.2,79.91388,-24.09351,373.49
2022-10-12 17:00:00,2022,12,10,17,-36.0,-18.32,69.7,9.3,317.0,79.91386,-24.09341,373.49
2022-10-12 18:00:00,2022,12,10,18,-36.0,-18.4,70.0,9.0,318.8,79.91385,-24.09337,373.49
2022-10-12 19:00:00,2022,12,10,19,-36.0,-18.23,69.8,9.6,320.9,79.91386,-24.09340,373.49
2022-10-12 20:00:00,2022,12,10,20,-35.0,-18.03,68.8,9.7,319.3,79.91384,-24.09332,373.49
2022-10-12 21:00:00,2022,12,10,21,-35.0,-18.02,70.2,9.4,317.0,79.91385,-24.09333,373.49
2022-10-12 22:00:00,2022,12,10,22,-34.0,-17.75,69.5,7.1,322.4,79.91386,-24.09340,373.49
2022-10-12 23:00:00,2022,12,10,23,-34.0,-17.58,68.4,6.8,322.9,79.91389,-24.09340,373.49
2022-10-13 00:00:00,2022,13,10,0,-34.0,-17.92,68.9,6.8,324.7,79.91386,-24.09341,373.47
2022-10-13 01:00:00,2022,13,10,1,-33.0,-17.97,68.5,6.2,319.2,79.91386,-24.09340,373.47
2022-10-13 02:00:00,2022,13,10,2,-33.0,-17.65,68.9,6.5,319.2,79.91390,-24.09338,373.47
2022-10-13 03:00:00,2022,13,10,3,-33.0,-17.23,68.8,6.1,322.0,79.91387,-24.09340,373.47
2022-10-13 04:00:00,2022,13,10,4,-33.0,-17.42,69.6,3.9,4.2,79.91387,-24.09344,373.47
2022-10-13 05:00:00,2022,13,10,5,-33.0,-16.82,69.1,4.4,352.6,79.91390,-24.09356,373.47
2022-10-13 06:00:00,2022,13,10,6,-33.0,-16.9,70.1,3.7,355.6,79.91385,-24.09350,373.47
2022-10-13 07:00:00,2022,13,10,7,-33.0,-16.3,70.2,4.2,359.1,79.91385,-24.09355,373.47
2022-10-13 08:00:00,2022,13,10,8,-32.0,-14.95,67.9,5.5,338.5,79.91386,-24.09336,373.47
2022-10-13 09:00:00,2022,13,10,9,-32.0,-14.35,68.1,5.5,334.7,79.91386,-24.09348,373.47
2022-10-13 10:00:00,2022,13,10,10,-32.0,-14.08,69.0,4.7,350.9,79.91385,-24.09339,373.47
2022-10-13 11:00:00,2022,13,10,11,-32.0,-14.6,70.5,2.6,356.0,79.91388,-24.09346,373.47
2022-10-13 12:00:00,2022,13,10,12,-32.0,-13.32,68.4,3.6,347.7,79.91388,-24.09342,373.47
2022-10-13 13:00:00,2022,13,10,13,-33.0,-13.52,70.6,3.5,352.1,79.91388,-24.09355,373.47
2022-10-13 14:00:00,2022,13,10,14,-33.0,-14.58,70.9,8.1,304.4,79.91386,-24.09344,373.47
2022-10-13 15:00:00,2022,13,10,15,-34.0,-15.72,71.1,8.1,301.8,79.91385,-24.09345,373.47
2022-10-13 16:00:00,2022,13,10,16,-34.0,-15.18,70.0,6.6,303.9,79.91386,-24.09352,373.47
2022-10-13 17:00:00,2022,13,10,17,-34.0,-14.92,69.5,6.1,305.7,79.91387,-24.09347,373.47
2022-10-13 18:00:00,2022,13,10,18,-34.0,-15.93,69.1,6.4,305.4,79.91387,-24.09350,373.47
2022-10-13 19:00:00,2022,13,10,19,-35.0,-17.12,68.9,7.1,308.9,79.91387,-24.09336,373.47
2022-10-13 20:00:00,2022,13,10,20,-35.0,-18.15,67.9,7.4,301.4,79.91386,-24.09331,373.47
2022-10-13 21:00:00,2022,13,10,21,-35.0,-18.7,68.2,6.4,295.5,79.91386,-24.09343,373.47
2022-10-13 22:00:00,2022,13,10,22,-36.0,-20.35,68.2,6.4,287.4,79.91387,-24.09341,373.47
2022-10-13 23:00:00,2022,13,10,23,-36.0,-21.17,66.5,6.4,285.9,79.91386,-24.09352,373.47
2022-10-14 00:00:00,2022,14,10,0,-37.0,-21.45,65.7,5.7,287.3,79.91385,-24.09332,373.45
2022-10-14 01:00:00,2022,14,10,1,-38.0,-20.82,63.4,4.9,285.4,79.91389,-24.09342,373.45
2022-10-14 02:00:00,2022,14,10,2,-39.0,-20.27,61.3,3.3,306.8,79.91388,-24.09340,373.45
2022-10-14 03:00:00,2022,14,10,3,-39.0,-20.4,61.6,3.9,281.5,79.91386,-24.09343,373.45
2022-10-14 04:00:00,2022,14,10,4,-40.0,-20.28,64.0,1.5,320.3,79.91389,-24.09349,373.45
2022-10-14 05:00:00,2022,14,10,5,-41.0,-19.82,61.7,0.9,241.9,79.91388,-24.09343,373.45
2022-10-14 06:00:00,2022,14,10,6,-41.0,-20.55,64.6,1.0,222.5,79.91386,-24.09349,373.45
2022-10-14 07:00:00,2022,14,10,7,-41.0,-20.05,66.2,2.2,220.3,79.91387,-24.09345,373.45
2022-10-14 08:00:00,2022,14,10,8,-41.0,-19.78,67.2,2.4,225.9,79.91389,-24.09346,373.45
2022-10-14 09:00:00,2022,14,10,9,-41.0,-19.58,69.1,1.4,231.5,79.91385,-24.09344,373.45
2022-10-14 10:00:00,2022,14,10,10,-41.0,-18.45,70.7,1.6,219.0,79.91384,-24.09341,373.45
2022-10-14 11:00:00,2022,14,10,11,-42.0,-18.12,71.2,2.3,219.0,79.91384,-24.09348,373.45
2022-10-14 12:00:00,2022,14,10,12,-42.0,-17.7,73.2,2.3,234.4,79.91387,-24.09336,373.45
2022-10-14 13:00:00,2022,14,10,13,-42.0,-16.93,72.1,0.5,259.8,79.91388,-24.09347,373.45
2022-10-14 14:00:00,2022,14,10,14,-42.0,-9.75,61.4,5.2,329.8,79.91388,-24.09340,373.45
2022-10-14 15:00:00,2022,14,10,15,-42.0,-9.93,64.9,8.1,314.5,79.91389,-24.09342,373.45
2022-10-14 16:00:00,2022,14,10,16,-42.0,-9.87,64.2,8.1,314.6,79.91389,-24.09344,373.45
2022-10-14 17:00:00,2022,14,10,17,-41.0,-9.67,65.3,9.0,314.1,79.91388,-24.09347,373.45
2022-10-14 18:00:00,2022,14,10,18,-41.0,-10.55,67.5,10.3,310.2,79.91387,-24.09346,373.45
2022-10-14 19:00:00,2022,14,10,19,-40.0,-10.87,66.2,9.4,310.4,79.91387,-24.09334,373.45
2022-10-14 20:00:00,2022,14,10,20,-40.0,-10.65,66.5,9.8,310.5,79.91387,-24.09335,373.45
2022-10-14 21:00:00,2022,14,10,21,-40.0,-10.82,70.3,11.1,310.1,79.91385,-24.09334,373.45
2022-10-14 22:00:00,2022,14,10,22,-40.0,-10.32,71.2,12.3,314.9,79.91387,-24.09335,373.45
2022-10-14 23:00:00,2022,14,10,23,-38.0,-10.85,70.5,9.7,318.8,79.91388,-24.09349,373.45
2022-10-15 00:00:00,2022,15,10,0,-37.0,-10.85,72.2,9.7,323.3,79.91387,-24.09339,373.44
2022-10-15 01:00:00,2022,15,10,1,-36.0,-11.2,72.8,9.5,324.3,79.91389,-24.09343,373.44
2022-10-15 02:00:00,2022,15,10,2,-34.0,-11.33,74.1,10.6,321.3,79.91390,-24.09354,373.44
2022-10-15 03:00:00,2022,15,10,3,-33.0,-11.65,73.5,9.8,323.5,79.91387,-24.09348,373.44
2022-10-15 04:00:00,2022,15,10,4,-32.0,-11.93,72.0,9.7,325.4,79.91387,-24.09348,373.44
2022-10-15 05:00:00,2022,15,10,5,-30.0,-12.27,70.9,9.3,323.2,79.91388,-24.09344,373.44
2022-10-15 06:00:00,2022,15,10,6,-29.0,-12.8,71.9,10.4,321.6,79.91388,-24.09354,373.44
2022-10-15 07:00:00,2022,15,10,7,-28.0,-13.08,72.8,10.9,319.6,79.91389,-24.09341,373.44
2022-10-15 08:00:00,2022,15,10,8,-27.0,-12.88,70.9,10.6,323.9,79.91389,-24.09349,373.44
2022-10-15 09:00:00,2022,15,10,9,-26.0,-13.07,70.7,10.0,324.3,79.91387,-24.09347,373.44
2022-10-15 10:00:00,2022,15,10,10,-26.0,-13.2,70.8,9.8,323.5,79.91386,-24.09352,373.44
2022-10-15 11:00:00,2022,15,10,11,-25.0,-13.43,68.5,8.4,317.6,79.91387,-24.09348,373.44
2022-10-15 12:00:00,2022,15,10,12,-25.0,-13.88,66.9,8.4,317.6,79.91389,-24.09350,373.44
2022-10-15 13:00:00,2022,15,10,13,-25.0,-14.62,66.4,8.7,308.3,79.91387,-24.09346,373.44
2022-10-15 14:00:00,2022,15,10,14,-25.0,-14.57,65.5,7.9,314.3,79.91389,-24.09348,373.44
2022-10-15 15:00:00,2022,15,10,15,-25.0,-14.53,64.7,8.0,311.0,79.91388,-24.09354,373.44
2022-10-15 16:00:00,2022,15,10,16,-26.0,-14.83,65.3,8.1,300.2,79.91389,-24.09350,373.44
2022-10-15 17:00:00,2022,15,10,17,-26.0,-15.38,65.0,8.0,312.2,79.91387,-24.09344,373.44
2022-10-15 18:00:00,2022,15,10,18,-25.0,-14.85,60.1,2.9,1.2,79.91387,-24.09341,373.44
2022-10-15 19:00:00,2022,15,10,19,-26.0,-14.75,57.1,2.4,355.1,79.91387,-24.09324,373.44
2022-10-15 20:00:00,2022,15,10,20,-26.0,-16.3,62.4,3.7,284.5,79.91388,-24.09323,373.44
2022-10-15 21:00:00,2022,15,10,21,-27.0,-16.37,63.4,4.2,289.5,79.91385,-24.09333,373.44
2022-10-15 22:00:00,2022,15,10,22,-28.0,-15.05,62.9,3.9,273.9,79.91386,-24.09346,373.44
2022-10-15 23:00:00,2022,15,10,23,-30.0,-14.63,61.0,1.8,271.5,79.91388,-24.09350,373.44
2022-10-16 00:00:00,2022,16,10,0,-31.0,-15.5,63.4,1.4,238.6,79.91386,-24.09342,373.42
2022-10-16 01:00:00,2022,16,10,1,-32.0,-16.9,66.5,2.8,232.9,79.91388,-24.09342,373.42
2022-10-16 02:00:00,2022,16,10,2,-34.0,-16.93,67.2,4.2,212.0,79.91389,-24.09354,373.42
2022-10-16 03:00:00,2022,16,10,3,-35.0,-16.65,68.7,5.1,206.3,79.91387,-24.09344,373.42
2022-10-16 04:00:00,2022,16,10,4,-36.0,-16.37,70.5,4.8,186.2,79.91387,-24.09340,373.42
2022-10-16 05:00:00,2022,16,10,5,-37.0,-16.43,69.9,6.3,200.3,79.91389,-24.09346,373.42
2022-10-16 06:00:00,2022,16,10,6,-38.0,-16.9,72.1,7.3,199.1,79.91389,-24.09349,373.42
2022-10-16 07:00:00,2022,16,10,7,-39.0,-16.97,73.0,8.3,204.3,79.91387,-24.09342,373.42
2022-10-16 08:00:00,2022,16,10,8,-40.0,-16.6,76.4,7.5,200.5,79.91389,-24.09350,373.42
2022-10-16 09:00:00,2022,16,10,9,-41.0,-16.3,79.6,7.5,195.5,79.91387,-24.09344,373.42
2022-10-16 10:00:00,2022,16,10,10,-43.0,-16.73,82.6,6.5,195.3,79.91388,-24.09345,373.42
2022-10-16 11:00:00,2022,16,10,11,-44.0,-16.88,80.5,6.6,194.5,79.91389,-24.09345,373.42
2022-10-16 12:00:00,2022,16,10,12,-45.0,-16.77,80.0,6.1,205.6,79.91389,-24.09332,373.42
2022-10-16 13:00:00,2022,16,10,13,-45.0,-16.58,78.3,2.9,194.1,79.91387,-24.09340,373.42
2022-10-16 14:00:00,2022,16,10,14,-45.0,-17.15,79.6,2.0,190.1,79.91388,-24.09343,373.42
2022-10-16 15:00:00,2022,16,10,15,-45.0,-16.75,79.3,2.3,220.9,79.91387,-24.09349,373.42
2022-10-16 16:00:00,2022,16,10,16,-45.0,-16.08,78.5,0.9,226.0,79.91386,-24.09352,373.42
2022-10-16 17:00:00,2022,16,10,17,-45.0,-14.93,77.6,1.5,224.2,79.91387,-24.09338,373.42
2022-10-16 18:00:00,2022,16,10,18,-45.0,-5.917,71.7,4.0,347.0,79.91387,-24.09335,373.42
2022-10-16 19:00:00,2022,16,10,19,-45.0,-3.467,67.5,5.0,4.1,79.91387,-24.09336,373.42
2022-10-16 20:00:00,2022,16,10,20,-44.0,-2.133,74.4,9.2,327.3,79.91388,-24.09333,373.42
2022-10-16 21:00:00,2022,16,10,21,-44.0,-2.05,72.8,9.0,328.3,79.91386,-24.09339,373.42
2022-10-16 22:00:00,2022,16,10,22,-44.0,-1.517,71.4,8.4,352.8,79.91389,-24.09341,373.42
2022-10-16 23:00:00,2022,16,10,23,-43.0,-2.117,73.5,5.2,349.7,79.91389,-24.09336,373.42
2022-10-17 00:00:00,2022,17,10,0,-43.0,-2.417,71.3,7.1,314.6,79.91386,-24.09345,373.40
2022-10-17 01:00:00,2022,17,10,1,-43.0,-2.883,69.7,9.2,298.6,79.91387,-24.09343,373.40
2022-10-17 02:00:00,2022,17,10,2,-43.0,-1.983,68.5,9.8,312.6,79.91388,-24.09344,373.40
2022-10-17 03:00:00,2022,17,10,3,-42.0,-1.8,65.8,8.9,310.3,79.91387,-24.09345,373.40
2022-10-17 04:00:00,2022,17,10,4,-42.0,-2.867,65.9,8.1,303.7,79.91387,-24.09334,373.40
2022-10-17 05:00:00,2022,17,10,5,-42.0,-2.55,62.9,8.1,305.7,79.91389,-24.09340,373.40
2022-10-17 06:00:00,2022,17,10,6,-41.0,-3.25,64.3,7.9,291.1,79.91388,-24.09349,373.40
2022-10-17 07:00:00,2022,17,10,7,-41.0,-2.95,64.0,8.5,299.4,79.91387,-24.09351,373.40
2022-10-17 08:00:00,2022,17,10,8,-41.0,-2.817,64.3,9.1,298.6,79.91388,-24.09346,373.40
2022-10-17 09:00:00,2022,17,10,9,-41.0,-3.633,66.1,9.1,290.0,79.91387,-24.09342,373.40
2022-10-17 10:00:00,2022,17,10,10,-41.0,-3.65,66.9,8.6,293.9,79.91389,-24.09341,373.40
2022-10-17 11:00:00,2022,17,10,11,-41.0,-4.683,66.7,8.6,286.8,79.91385,-24.09343,373.40
2022-10-17 12:00:00,2022,17,10,12,-42.0,-4.8,64.9,8.3,290.5,79.91390,-24.09354,373.40
2022-10-17 13:00:00,2022,17,10,13,-42.0,-5.517,65.0,8.3,284.3,79.91389,-24.09356,373.40
2022-10-17 14:00:00,2022,17,10,14,-43.0,-5.95,65.1,9.2,282.5,79.91388,-24.09343,373.40
2022-10-17 15:00:00,2022,17,10,15,-44.0,-4.6,63.2,8.5,288.3,79.91387,-24.09344,373.40
2022-10-17 16:00:00,2022,17,10,16,-45.0,-3.65,62.1,7.6,284.2,79.91387,-24.09331,373.40
2022-10-17 17:00:00,2022,17,10,17,-45.0,-3.567,65.3,8.9,288.0,79.91387,-24.09333,373.40
2022-10-17 18:00:00,2022,17,10,18,-46.0,-3.833,64.4,9.4,285.0,79.91388,-24.09344,373.40
2022-10-17 19:00:00,2022,17,10,19,-46.0,-4.15,67.9,9.7,297.4,79.91387,-24.09345,373.40
2022-10-17 20:00:00,2022,17,10,20,-46.0,-3.133,65.3,10.4,297.0,79.91387,-24.09343,373.40
2022-10-17 21:00:00,2022,17,10,21,-46.0,-3.3,67.7,11.1,299.7,79.91386,-24.09335,373.40
2022-10-17 22:00:00,2022,17,10,22,-46.0,-4.15,69.0,10.8,300.6,79.91387,-24.09339,373.40
2022-10-17 23:00:00,2022,17,10,23,-46.0,-4.3,68.8,10.5,304.6,79.91389,-24.09338,373.40
2022-10-18 00:00:00,2022,18,10,0,-46.0,-4.25,66.8,9.9,306.2,79.91386,-24.09334,373.39
2022-10-18 01:00:00,2022,18,10,1,-47.0,-4.767,67.5,9.5,302.2,79.91387,-24.09341,373.39
2022-10-18 02:00:00,2022,18,10,2,-46.0,-7.2,75.7,10.6,323.2,79.91388,-24.09349,373.39
2022-10-18 03:00:00,2022,18,10,3,-45.0,-8.97,83.3,10.4,322.0,79.91387,-24.09353,373.39
2022-10-18 04:00:00,2022,18,10,4,-44.0,-9.83,86.7,9.7,326.9,79.91387,-24.09336,373.39
2022-10-18 05:00:00,2022,18,10,5,-42.0,-10.55,87.2,7.7,340.5,79.91388,-24.09340,373.39
2022-10-18 06:00:00,2022,18,10,6,-41.0,-11.48,78.4,6.7,340.9,79.91386,-24.09351,373.39
2022-10-18 07:00:00,2022,18,10,7,-40.0,-11.82,73.1,9.6,325.3,79.91387,-24.09351,373.39
2022-10-18 08:00:00,2022,18,10,8,-39.0,-11.9,67.8,8.9,325.7,79.91387,-24.09348,373.39
2022-10-18 09:00:00,2022,18,10,9,-39.0,-12.45,65.5,8.3,328.3,79.91389,-24.09343,373.39
2022-10-18 10:00:00,2022,18,10,10,-38.0,-13.57,63.5,7.8,318.7,79.91388,-24.09343,373.39
2022-10-18 11:00:00,2022,18,10,11,-38.0,-14.3,64.9,8.5,328.1,79.91386,-24.09347,373.39
2022-10-18 12:00:00,2022,18,10,12,-37.0,-14.38,69.2,10.2,326.9,79.91390,-24.09363,373.39
2022-10-18 13:00:00,2022,18,10,13,-37.0,-14.4,70.2,11.1,323.3,79.91389,-24.09355,373.39
2022-10-18 14:00:00,2022,18,10,14,-36.0,-14.15,67.1,9.2,331.3,79.91390,-24.09355,373.39
2022-10-18 15:00:00,2022,18,10,15,-35.0,-14.45,65.4,7.8,334.8,79.91388,-24.09352,373.39
2022-10-18 16:00:00,2022,18,10,16,-35.0,-15.32,65.1,8.0,325.8,79.91390,-24.09339,373.39
2022-10-18 17:00:00,2022,18,10,17,-35.0,-15.72,64.6,8.1,320.6,79.91386,-24.09335,373.39
2022-10-18 18:00:00,2022,18,10,18,-35.0,-15.45,63.0,8.4,317.6,79.91387,-24.09337,373.39
2022-10-18 19:00:00,2022,18,10,19,-34.0,-15.77,62.8,7.9,311.6,79.91387,-24.09348,373.39
2022-10-18 20:00:00,2022,18,10,20,-34.0,-16.15,62.6,7.1,314.9,79.91388,-24.09335,373.39
2022-10-18 21:00:00,2022,18,10,21,-34.0,-16.8,62.3,7.5,306.7,79.91384,-24.09329,373.39
2022-10-18 22:00:00,2022,18,10,22,-34.0,-17.12,61.5,7.8,310.3,79.91388,-24.09337,373.39
2022-10-18 23:00:00,2022,18,10,23,-33.0,-16.75,61.0,7.6,315.1,79.91389,-24.09341,373.39
2022-10-19 00:00:00,2022,19,10,0,-33.0,-16.9,62.5,7.8,316.6,79.91388,-24.09342,373.37
2022-10-19 01:00:00,2022,19,10,1,-33.0,-16.88,63.4,7.6,315.9,79.91388,-24.09336,373.37
2022-10-19 02:00:00,2022,19,10,2,-32.0,-16.53,65.0,8.1,317.3,79.91388,-24.09348,373.37
2022-10-19 03:00:00,2022,19,10,3,-33.0,-17.08,63.1,8.4,304.4,79.91388,-24.09347,373.37
2022-10-19 04:00:00,2022,19,10,4,-33.0,-17.38,61.8,7.6,306.2,79.91388,-24.09338,373.37
2022-10-19 05:00:00,2022,19,10,5,-33.0,-16.58,60.4,8.1,315.6,79.91388,-24.09342,373.37
2022-10-19 06:00:00,2022,19,10,6,-32.0,-16.4,59.4,5.4,352.0,79.91387,-24.09347,373.37
2022-10-19 07:00:00,2022,19,10,7,-32.0,-16.47,61.8,6.9,307.5,79.91387,-24.09343,373.37
2022-10-19 08:00:00,2022,19,10,8,-32.0,-15.23,64.7,7.9,318.0,79.91388,-24.09347,373.37
2022-10-19 09:00:00,2022,19,10,9,-32.0,-15.0,67.2,7.1,333.5,79.91388,-24.09340,373.37
2022-10-19 10:00:00,2022,19,10,10,-31.0,-14.67,66.0,6.0,353.1,79.91387,-24.09344,373.37
2022-10-19 11:00:00,2022,19,10,11,-31.0,-14.8,67.7,7.8,323.6,79.91388,-24.09348,373.37
2022-10-19 12:00:00,2022,19,10,12,-30.0,-14.6,66.4,5.0,12.6,79.91389,-24.09364,373.37
2022-10-19 13:00:00,2022,19,10,13,-29.0,-14.82,67.2,6.3,341.2,79.91388,-24.09352,373.37
2022-10-19 14:00:00,2022,19,10,14,-29.0,-15.45,67.0,8.3,329.5,79.91390,-24.09346,373.37
2022-10-19 15:00:00,2022,19,10,15,-28.0,-16.13,67.2,8.1,325.2,79.91386,-24.09334,373.37
2022-10-19 16:00:00,2022,19,10,16,-28.0,-16.22,66.5,7.9,318.5,79.91386,-24.09332,373.37
2022-10-19 17:00:00,2022,19,10,17,-27.0,-16.45,67.9,5.7,347.0,79.91388,-24.09336,373.37
2022-10-19 18:00:00,2022,19,10,18,-27.0,-16.02,68.2,7.2,320.9,79.91387,-24.09339,373.37
2022-10-19 19:00:00,2022,19,10,19,-26.0,-15.33,68.3,7.0,321.8,79.91387,-24.09346,373.37
2022-10-19 20:00:00,2022,19,10,20,-25.0,-15.12,70.9,6.4,324.0,79.91387,-24.09334,373.37
2022-10-19 21:00:00,2022,19,10,21,-25.0,-14.95,73.8,6.1,323.4,79.91387,-24.09341,373.37
2022-10-19 22:00:00,2022,19,10,22,-24.0,-14.5,76.9,6.1,327.1,79.91388,-24.09337,373.37
2022-10-19 23:00:00,2022,19,10,23,-24.0,-14.3,78.7,4.7,352.5,79.91389,-24.09344,373.37
2022-10-20 00:00:00,2022,20,10,0,-23.0,-14.1,78.4,4.8,329.6,79.91388,-24.09342,373.35
2022-10-20 01:00:00,2022,20,10,1,-22.0,-14.03,78.6,5.2,322.7,79.91388,-24.09336,373.35
2022-10-20 02:00:00,2022,20,10,2,-22.0,-13.83,78.8,5.3,328.3,79.91387,-24.09348,373.35
2022-10-20 03:00:00,2022,20,10,3,-22.0,-13.8,79.3,4.9,331.0,79.91388,-24.09345,373.35
2022-10-20 04:00:00,2022,20,10,4,-21.0,-13.6,80.0,5.0,339.2,79.91387,-24.09324,373.35
2022-10-20 05:00:00,2022,20,10,5,-21.0,-14.28,83.4,4.0,1.1,79.91388,-24.09342,373.35
2022-10-20 06:00:00,2022,20,10,6,-21.0,-13.52,81.6,5.3,346.2,79.91386,-24.09346,373.35
2022-10-20 07:00:00,2022,20,10,7,-20.0,-14.55,85.4,4.5,350.5,79.91384,-24.09340,373.35
2022-10-20 08:00:00,2022,20,10,8,-20.0,-14.58,85.3,4.0,346.7,79.91387,-24.09356,373.35
2022-10-20 09:00:00,2022,20,10,9,-20.0,-14.28,84.9,4.1,350.1,79.91386,-24.09333,373.35
2022-10-20 10:00:00,2022,20,10,10,-20.0,-14.25,85.1,4.7,347.5,79.91387,-24.09328,373.35
2022-10-20 11:00:00,2022,20,10,11,-20.0,-14.35,85.5,4.9,345.9,79.91387,-24.09342,373.35
2022-10-20 12:00:00,2022,20,10,12,-20.0,-14.2,84.2,4.4,338.2,79.91389,-24.09352,373.35
2022-10-20 13:00:00,2022,20,10,13,-20.0,-13.93,83.2,nan,nan,79.91391,-24.09336,373.35
2022-10-20 14:00:00,2022,20,10,14,-20.0,-14.48,85.0,3.0,8.4,79.91388,-24.09339,373.35
2022-10-20 15:00:00,2022,20,10,15,-20.0,-14.82,85.7,2.9,359.5,79.91386,-24.09331,373.35
2022-10-20 16:00:00,2022,20,10,16,-21.0,-14.93,85.1,nan,nan,79.91389,-24.09334,373.35
2022-10-20 17:00:00,2022,20,10,17,-21.0,-15.0,85.2,2.3,356.7,79.91389,-24.09343,373.35
2022-10-20 18:00:00,2022,20,10,18,-21.0,-15.08,85.4,2.4,2.1,79.91388,-24.09348,373.35
2022-10-20 19:00:00,2022,20,10,19,-21.0,-15.22,85.6,2.3,2.6,79.91389,-24.09345,373.35
2022-10-20 20:00:00,2022,20,10,20,-22.0,-15.15,85.0,2.3,13.0,79.91388,-24.09348,373.35
2022-10-20 21:00:00,2022,20,10,21,-22.0,-15.1,83.7,3.2,355.7,79.91388,-24.09336,373.35
2022-10-20 22:00:00,2022,20,10,22,-22.0,-15.18,82.8,4.0,351.4,79.91390,-24.09331,373.35
2022-10-20 23:00:00,2022,20,10,23,-23.0,-15.38,83.2,4.0,345.7,79.91389,-24.09347,373.35
2022-10-21 00:00:00,2022,21,10,0,-23.0,-15.37,80.0,5.1,330.0,79.91387,-24.09342,373.34
2022-10-21 01:00:00,2022,21,10,1,-24.0,-15.73,79.0,5.2,333.7,79.91386,-24.09336,373.34
2022-10-21 02:00:00,2022,21,10,2,-24.0,-16.22,77.4,5.6,326.1,79.91387,-24.09343,373.34
2022-10-21 03:00:00,2022,21,10,3,-25.0,-16.42,76.7,6.8,323.1,79.91387,-24.09347,373.34
2022-10-21 04:00:00,2022,21,10,4,-25.0,-16.47,76.7,7.2,320.9,79.91387,-24.09332,373.34
2022-10-21 05:00:00,2022,21,10,5,-26.0,-16.5,77.5,6.9,323.9,79.91388,-24.09340,373.34
2022-10-21 06:00:00,2022,21,10,6,-26.0,-16.28,77.9,7.1,323.8,79.91387,-24.09343,373.34
2022-10-21 07:00:00,2022,21,10,7,-26.0,-16.47,77.4,7.1,322.1,79.91387,-24.09343,373.34
2022-10-21 08:00:00,2022,21,10,8,-26.0,-16.38,77.5,6.8,326.2,79.91386,-24.09353,373.34
2022-10-21 09:00:00,2022,21,10,9,-26.0,-16.58,78.2,6.3,329.0,79.91387,-24.09334,373.34
2022-10-21 10:00:00,2022,21,10,10,-27.0,-16.55,78.2,6.5,336.3,79.91388,-24.09341,373.34
2022-10-21 11:00:00,2022,21,10,11,-27.0,-16.53,78.1,6.6,334.7,79.91387,-24.09346,373.34
2022-10-21 12:00:00,2022,21,10,12,-27.0,-16.63,77.6,6.2,333.4,79.91389,-24.09354,373.34
2022-10-21 13:00:00,2022,21,10,13,-27.0,-17.05,76.2,6.3,320.7,79.91390,-24.09334,373.34
2022-10-21 14:00:00,2022,21,10,14,-27.0,-17.47,74.8,7.0,321.3,79.91390,-24.09344,373.34
2022-10-21 15:00:00,2022,21,10,15,-28.0,-17.63,74.1,7.1,319.7,79.91388,-24.09337,373.34
2022-10-21 16:00:00,2022,21,10,16,-28.0,-18.07,74.6,7.7,321.8,79.91392,-24.09334,373.34
2022-10-21 17:00:00,2022,21,10,17,-28.0,-18.48,73.1,7.7,312.3,79.91388,-24.09348,373.34
2022-10-21 18:00:00,2022,21,10,18,-29.0,-18.8,72.2,7.5,308.1,79.91387,-24.09339,373.34
2022-10-21 19:00:00,2022,21,10,19,-29.0,-19.6,71.4,7.3,304.3,79.91388,-24.09349,373.34
2022-10-21 20:00:00,2022,21,10,20,-29.0,-20.18,70.8,8.4,304.1,79.91386,-24.09342,373.34
2022-10-21 21:00:00,2022,21,10,21,-29.0,-20.35,68.9,7.7,304.4,79.91389,-24.09338,373.34
2022-10-21 22:00:00,2022,21,10,22,-29.0,-20.65,68.5,7.5,301.0,79.91388,-24.09330,373.34
2022-10-21 23:00:00,2022,21,10,23,-30.0,-20.62,69.0,6.6,303.4,79.91386,-24.09345,373.34
2022-10-22 00:00:00,2022,22,10,0,-30.0,-21.75,69.3,6.8,297.1,79.91387,-24.09342,373.32
2022-10-22 01:00:00,2022,22,10,1,-31.0,-21.97,69.9,6.6,296.0,79.91386,-24.09332,373.32
2022-10-22 02:00:00,2022,22,10,2,-31.0,-22.08,68.8,6.2,298.1,79.91387,-24.09340,373.32
2022-10-22 03:00:00,2022,22,10,3,-32.0,-22.18,67.3,5.7,300.2,79.91386,-24.09346,373.32
2022-10-22 04:00:00,2022,22,10,4,-33.0,-22.73,67.0,6.1,292.3,79.91386,-24.09340,373.32
2022-10-22 05:00:00,2022,22,10,5,-33.0,-22.82,65.5,6.6,293.3,79.91388,-24.09338,373.32
2022-10-22 06:00:00,2022,22,10,6,-33.0,-23.38,66.7,6.2,287.3,79.91386,-24.09340,373.32
2022-10-22 07:00:00,2022,22,10,7,-34.0,-24.15,67.8,6.8,286.9,79.91385,-24.09343,373.32
2022-10-22 08:00:00,2022,22,10,8,-34.0,-24.35,67.0,6.3,287.0,79.91386,-24.09355,373.32
2022-10-22 09:00:00,2022,22,10,9,-35.0,-24.58,66.8,6.8,286.4,79.91386,-24.09331,373.32
2022-10-22 10:00:00,2022,22,10,10,-35.0,-24.62,67.0,6.3,291.8,79.91388,-24.09340,373.32
2022-10-22 11:00:00,2022,22,10,11,-36.0,-25.23,67.7,6.7,290.6,79.91385,-24.09338,373.32
2022-10-22 12:00:00,2022,22,10,12,-36.0,-26.08,68.8,8.0,284.7,79.91388,-24.09345,373.32
2022-10-22 13:00:00,2022,22,10,13,-37.0,-25.97,68.1,7.2,283.4,79.91389,-24.09326,373.32
2022-10-22 14:00:00,2022,22,10,14,-37.0,-25.35,67.5,5.8,288.7,79.91388,-24.09340,373.32
2022-10-22 15:00:00,2022,22,10,15,-37.0,-26.08,68.0,6.4,283.9,79.91387,-24.09335,373.32
2022-10-22 16:00:00,2022,22,10,16,-37.0,-26.02,67.5,5.7,283.7,79.91388,-24.09332,373.32
2022-10-22 17:00:00,2022,22,10,17,-38.0,-26.5,67.3,6.3,286.2,79.91386,-24.09324,373.32
2022-10-22 18:00:00,2022,22,10,18,-38.0,-26.6,67.8,5.8,288.2,79.91384,-24.09340,373.32
2022-10-22 19:00:00,2022,22,10,19,-38.0,-26.88,67.7,6.2,287.5,79.91384,-24.09331,373.32
2022-10-22 20:00:00,2022,22,10,20,-38.0,-26.1,66.5,5.5,286.8,79.91387,-24.09354,373.32
2022-10-22 21:00:00,2022,22,10,21,-39.0,-25.88,66.9,5.4,289.7,79.91388,-24.09340,373.32
2022-10-22 22:00:00,2022,22,10,22,-38.0,-23.27,73.0,4.1,273.9,79.91387,-24.09336,373.32
2022-10-22 23:00:00,2022,22,10,23,-38.0,-23.28,71.9,1.4,213.1,79.91388,-24.09331,373.32
2022-10-23 00:00:00,2022,23,10,0,-38.0,-22.87,74.1,0.8,351.2,79.91388,-24.09332,373.30
2022-10-23 01:00:00,2022,23,10,1,-38.0,-22.87,76.1,1.0,249.6,79.91386,-24.09334,373.30
2022-10-23 02:00:00,2022,23,10,2,-38.0,-22.63,77.1,1.9,233.9,79.91388,-24.09332,373.30
2022-10-23 03:00:00,2022,23,10,3,-38.0,-23.1,78.7,4.0,280.4,79.91388,-24.09344,373.30
2022-10-23 04:00:00,2022,23,10,4,-39.0,-23.38,77.1,2.9,261.3,79.91388,-24.09348,373.30
2022-10-23 05:00:00,2022,23,10,5,-39.0,-23.72,75.5,2.3,243.9,79.91390,-24.09341,373.30
2022-10-23 06:00:00,2022,23,10,6,-39.0,-23.58,74.7,2.0,245.6,79.91386,-24.09340,373.30
2022-10-23 07:00:00,2022,23,10,7,-39.0,-23.53,75.3,1.9,247.0,79.91388,-24.09345,373.30
2022-10-23 08:00:00,2022,23,10,8,-39.0,-23.95,74.9,2.2,248.4,79.91387,-24.09351,373.30
2022-10-23 09:00:00,2022,23,10,9,-39.0,-23.73,75.4,1.4,235.5,79.91387,-24.09340,373.30
2022-10-23 10:00:00,2022,23,10,10,-39.0,-24.18,77.9,1.7,224.5,79.91388,-24.09337,373.30
2022-10-23 11:00:00,2022,23,10,11,-39.0,-24.82,75.3,2.4,254.7,79.91388,-24.09334,373.30
2022-10-23 12:00:00,2022,23,10,12,-39.0,-25.15,75.4,2.6,263.4,79.91389,-24.09363,373.30
2022-10-23 13:00:00,2022,23,10,13,-39.0,-25.15,75.6,2.4,257.9,79.91388,-24.09344,373.30
2022-10-23 14:00:00,2022,23,10,14,-39.0,-25.7,73.9,2.8,263.7,79.91391,-24.09346,373.30
2022-10-23 15:00:00,2022,23,10,15,-39.0,-25.2,71.7,2.2,279.1,79.91389,-24.09345,373.30
2022-10-23 16:00:00,2022,23,10,16,-39.0,-25.32,70.8,3.6,277.5,79.91388,-24.09339,373.30
2022-10-23 17:00:00,2022,23,10,17,-38.0,-24.98,73.2,3.5,279.6,79.91388,-24.09345,373.30
2022-10-23 18:00:00,2022,23,10,18,-38.0,-24.58,73.7,1.6,309.3,79.91386,-24.09346,373.30
2022-10-23 19:00:00,2022,23,10,19,-37.0,-24.13,73.9,1.3,311.9,79.91389,-24.09336,373.30
2022-10-23 20:00:00,2022,23,10,20,-37.0,-23.9,75.6,1.1,294.7,79.91386,-24.09344,373.30
2022-10-23 21:00:00,2022,23,10,21,-37.0,-24.43,74.9,4.4,299.5,79.91388,-24.09341,373.30
2022-10-23 22:00:00,2022,23,10,22,-37.0,-24.8,73.5,4.4,308.5,79.91388,-24.09327,373.30
2022-10-23 23:00:00,2022,23,10,23,-37.0,-25.05,72.6,4.6,314.7,79.91387,-24.09336,373.30
2022-10-24 00:00:00,2022,24,10,0,-37.0,-25.15,72.8,4.3,316.0,79.91388,-24.09329,373.29
2022-10-24 01:00:00,2022,24,10,1,-36.0,-24.92,71.7,4.8,315.1,79.91387,-24.09328,373.29
2022-10-24 02:00:00,2022,24,10,2,-36.0,-24.9,70.8,5.5,310.4,79.91387,-24.09343,373.29
2022-10-24 03:00:00,2022,24,10,3,-36.0,-25.22,75.6,6.2,306.8,79.91388,-24.09343,373.29
2022-10-24 04:00:00,2022,24,10,4,-36.0,-24.97,77.1,5.8,310.0,79.91387,-24.09354,373.29
2022-10-24 05:00:00,2022,24,10,5,-36.0,-24.18,79.8,5.2,314.5,79.91388,-24.09337,373.29
2022-10-24 06:00:00,2022,24,10,6,-36.0,-23.22,80.3,5.2,304.1,79.91387,-24.09351,373.29
2022-10-24 07:00:00,2022,24,10,7,-35.0,-22.55,80.0,4.8,313.8,79.91388,-24.09341,373.29
2022-10-24 08:00:00,2022,24,10,8,-35.0,-22.4,80.5,5.0,310.9,79.91387,-24.09352,373.29
2022-10-24 09:00:00,2022,24,10,9,-35.0,-21.85,80.8,4.8,322.0,79.91388,-24.09341,373.29
2022-10-24 10:00:00,2022,24,10,10,-34.0,-21.52,79.7,4.6,331.0,79.91388,-24.09348,373.29
2022-10-24 11:00:00,2022,24,10,11,-34.0,-21.1,77.1,4.8,328.0,79.91387,-24.09342,373.29
2022-10-24 12:00:00,2022,24,10,12,-34.0,-20.63,75.3,4.8,337.2,79.91389,-24.09357,373.29
2022-10-24 13:00:00,2022,24,10,13,-33.0,-20.88,76.3,4.6,348.5,79.91388,-24.09338,373.29
2022-10-24 14:00:00,2022,24,10,14,-33.0,-21.48,79.0,4.3,348.4,79.91389,-24.09352,373.29
2022-10-24 15:00:00,2022,24,10,15,-33.0,-21.38,78.4,4.3,344.4,79.91385,-24.09349,373.29
2022-10-24 16:00:00,2022,24,10,16,-32.0,-21.4,78.5,4.1,344.9,79.91389,-24.09343,373.29
2022-10-24 17:00:00,2022,24,10,17,-32.0,-21.42,73.6,3.8,337.8,79.91388,-24.09343,373.29
2022-10-24 18:00:00,2022,24,10,18,-32.0,-22.33,71.6,3.1,331.1,79.91390,-24.09342,373.29
2022-10-24 19:00:00,2022,24,10,19,-32.0,-22.35,69.5,4.2,310.4,79.91388,-24.09335,373.29
2022-10-24 20:00:00,2022,24,10,20,-32.0,-23.18,70.9,4.5,303.4,79.91386,-24.09336,373.29
2022-10-24 21:00:00,2022,24,10,21,-31.0,-22.93,71.9,4.5,302.8,79.91388,-24.09336,373.29
2022-10-24 22:00:00,2022,24,10,22,-31.0,-22.45,71.9,3.7,312.8,79.91388,-24.09336,373.29
2022-10-24 23:00:00,2022,24,10,23,-31.0,-21.82,73.5,2.8,326.1,79.91386,-24.09338,373.29
2022-10-25 00:00:00,2022,25,10,0,-31.0,-21.7,72.0,3.6,319.4,79.91388,-24.09338,373.27
2022-10-25 01:00:00,2022,25,10,1,-31.0,-22.03,72.1,3.1,322.9,79.91386,-24.09334,373.27
2022-10-25 02:00:00,2022,25,10,2,-30.0,-21.4,72.5,2.0,348.0,79.91386,-24.09351,373.27
2022-10-25 03:00:00,2022,25,10,3,-30.0,-21.95,74.4,2.0,343.7,79.91388,-24.09343,373.27
2022-10-25 04:00:00,2022,25,10,4,-30.0,-21.72,76.3,2.1,345.4,79.91389,-24.09346,373.27
2022-10-25 05:00:00,2022,25,10,5,-30.0,-21.47,77.4,2.3,346.1,79.91389,-24.09353,373.27
2022-10-25 06:00:00,2022,25,10,6,-30.0,-21.17,78.0,1.5,341.5,79.91387,-24.09346,373.27
2022-10-25 07:00:00,2022,25,10,7,-30.0,-21.03,77.6,1.4,339.4,79.91387,-24.09349,373.27
2022-10-25 08:00:00,2022,25,10,8,-30.0,-20.88,77.3,1.3,334.8,79.91387,-24.09343,373.27
2022-10-25 09:00:00,2022,25,10,9,-30.0,-20.77,77.0,1.0,339.0,79.91388,-24.09343,373.27
2022-10-25 10:00:00,2022,25,10,10,-30.0,-20.62,76.6,1.1,301.7,79.91388,-24.09342,373.27
2022-10-25 11:00:00,2022,25,10,11,-30.0,-20.37,76.5,0.3,272.3,79.91387,-24.09334,373.27
2022-10-25 12:00:00,2022,25,10,12,-30.0,-20.8,79.6,0.7,215.9,79.91389,-24.09357,373.27
2022-10-25 13:00:00,2022,25,10,13,-30.0,-20.82,79.3,1.5,230.4,79.91388,-24.09341,373.27
2022-10-25 14:00:00,2022,25,10,14,-30.0,-20.53,77.9,0.9,221.1,79.91388,-24.09357,373.27
2022-10-25 15:00:00,2022,25,10,15,-30.0,-20.5,78.5,1.1,230.0,79.91386,-24.09341,373.27
2022-10-25 16:00:00,2022,25,10,16,-30.0,-20.32,79.1,1.7,216.6,79.91386,-24.09343,373.27
2022-10-25 17:00:00,2022,25,10,17,-31.0,-20.35,80.7,1.8,209.6,79.91387,-24.09344,373.27
2022-10-25 18:00:00,2022,25,10,18,-31.0,-20.45,80.2,2.7,194.1,79.91387,-24.09336,373.27
2022-10-25 19:00:00,2022,25,10,19,-31.0,-20.48,79.6,3.7,214.7,79.91388,-24.09340,373.27
2022-10-25 20:00:00,2022,25,10,20,-31.0,-21.03,80.0,3.0,213.3,79.91385,-24.09332,373.27
2022-10-25 21:00:00,2022,25,10,21,-31.0,-20.85,78.2,3.4,220.2,79.91386,-24.09328,373.27
2022-10-25 22:00:00,2022,25,10,22,-32.0,-20.72,77.3,3.5,218.7,79.91389,-24.09334,373.27
2022-10-25 23:00:00,2022,25,10,23,-32.0,-20.53,75.3,3.2,218.8,79.91387,-24.09339,373.27
2022-10-26 00:00:00,2022,26,10,0,-32.0,-20.53,76.0,3.1,218.3,79.91388,-24.09336,373.25
2022-10-26 01:00:00,2022,26,10,1,-32.0,-20.42,77.4,3.1,213.9,79.91386,-24.09342,373.25
2022-10-26 02:00:00,2022,26,10,2,-33.0,-20.27,78.5,2.8,215.2,79.91386,-24.09344,373.25
2022-10-26 03:00:00,2022,26,10,3,-33.0,-20.17,81.4,3.4,216.6,79.91387,-24.09342,373.25
2022-10-26 04:00:00,2022,26,10,4,-33.0,-20.15,81.1,3.0,214.8,79.91390,-24.09346,373.25
2022-10-26 05:00:00,2022,26,10,5,-34.0,-20.12,79.9,3.5,215.9,79.91387,-24.09346,373.25
2022-10-26 06:00:00,2022,26,10,6,-34.0,-19.92,81.1,3.5,213.3,79.91385,-24.09347,373.25
2022-10-26 07:00:00,2022,26,10,7,-34.0,-19.98,81.6,3.1,212.0,79.91389,-24.09350,373.25
2022-10-26 08:00:00,2022,26,10,8,-34.0,-20.05,81.2,2.1,197.3,79.91386,-24.09339,373.25
2022-10-26 09:00:00,2022,26,10,9,-35.0,-19.85,81.3,2.2,194.3,79.91388,-24.09342,373.25
2022-10-26 10:00:00,2022,26,10,10,-35.0,-19.78,81.5,2.6,211.4,79.91390,-24.09351,373.25
2022-10-26 11:00:00,2022,26,10,11,-35.0,-19.62,82.0,2.8,207.9,79.91388,-24.09334,373.25
2022-10-26 12:00:00,2022,26,10,12,-35.0,-19.32,85.6,2.8,196.2,79.91388,-24.09367,373.25
2022-10-26 13:00:00,2022,26,10,13,-35.0,-18.93,84.3,2.6,187.6,79.91388,-24.09340,373.25
2022-10-26 14:00:00,2022,26,10,14,-36.0,-19.37,83.4,1.5,152.5,79.91388,-24.09341,373.25
2022-10-26 15:00:00,2022,26,10,15,-36.0,-20.23,82.7,0.6,5.1,79.91389,-24.09349,373.25
2022-10-26 16:00:00,2022,26,10,16,-36.0,-19.9,82.5,1.1,326.2,79.91386,-24.09348,373.25
2022-10-26 17:00:00,2022,26,10,17,-37.0,-19.75,82.1,3.2,276.2,79.91387,-24.09338,373.25
2022-10-26 18:00:00,2022,26,10,18,-37.0,-19.82,82.2,1.7,243.2,79.91385,-24.09339,373.25
2022-10-26 19:00:00,2022,26,10,19,-37.0,-19.93,81.8,2.1,207.9,79.91387,-24.09336,373.25
2022-10-26 20:00:00,2022,26,10,20,-37.0,-19.83,81.8,2.3,296.7,79.91386,-24.09343,373.25
2022-10-26 21:00:00,2022,26,10,21,-37.0,-20.18,82.4,1.2,24.6,79.91388,-24.09332,373.25
2022-10-26 22:00:00,2022,26,10,22,-37.0,-19.93,81.0,2.7,7.0,79.91389,-24.09328,373.25
2022-10-26 23:00:00,2022,26,10,23,-38.0,-20.15,79.3,2.7,16.0,79.91388,-24.09334,373.25
2022-10-27 00:00:00,2022,27,10,0,-38.0,-20.07,74.8,4.7,348.7,79.91385,-24.09325,373.24
2022-10-27 01:00:00,2022,27,10,1,-39.0,-19.73,74.2,6.7,327.9,79.91387,-24.09333,373.24
2022-10-27 02:00:00,2022,27,10,2,-39.0,-19.68,72.9,7.4,327.4,79.91387,-24.09331,373.24
2022-10-27 03:00:00,2022,27,10,3,-39.0,-19.78,74.2,7.9,326.8,79.91387,-24.09341,373.24
2022-10-27 04:00:00,2022,27,10,4,-40.0,-20.05,75.7,8.1,332.4,79.91389,-24.09353,373.24
2022-10-27 05:00:00,2022,27,10,5,-40.0,-22.2,79.4,7.7,339.5,79.91388,-24.09358,373.24
2022-10-27 06:00:00,2022,27,10,6,-41.0,-22.12,79.7,9.0,343.6,79.91388,-24.09347,373.24
2022-10-27 07:00:00,2022,27,10,7,-41.0,-21.92,79.6,10.1,339.7,79.91387,-24.09344,373.24
2022-10-27 08:00:00,2022,27,10,8,-42.0,-21.87,79.6,10.7,335.5,79.91386,-24.09334,373.24
2022-10-27 09:00:00,2022,27,10,9,-42.0,-22.05,79.0,10.4,336.5,79.91388,-24.09354,373.24
2022-10-27 10:00:00,2022,27,10,10,-43.0,-21.95,78.6,9.3,336.5,79.91388,-24.09350,373.24
2022-10-27 11:00:00,2022,27,10,11,-43.0,-22.42,79.3,9.7,340.5,79.91388,-24.09342,373.24
2022-10-27 12:00:00,2022,27,10,12,-44.0,-22.03,78.5,10.5,333.5,79.91390,-24.09357,373.24
2022-10-27 13:00:00,2022,27,10,13,-45.0,-21.88,78.0,10.3,329.8,79.91385,-24.09328,373.24
2022-10-27 14:00:00,2022,27,10,14,-46.0,-22.17,78.2,9.9,335.4,79.91388,-24.09343,373.24
2022-10-27 15:00:00,2022,27,10,15,-46.0,-22.48,78.7,9.0,342.7,79.91387,-24.09360,373.24
2022-10-27 16:00:00,2022,27,10,16,-47.0,-23.03,79.2,7.2,359.9,79.91386,-24.09351,373.24
2022-10-27 17:00:00,2022,27,10,17,-47.0,-23.62,79.7,6.7,348.2,79.91386,-24.09336,373.24
2022-10-27 18:00:00,2022,27,10,18,-48.0,-23.3,78.3,7.8,334.4,79.91386,-24.09335,373.24
2022-10-27 19:00:00,2022,27,10,19,-48.0,-22.8,76.7,8.5,329.9,79.91386,-24.09331,373.24
2022-10-27 20:00:00,2022,27,10,20,-49.0,-22.0,76.9,10.3,323.5,79.91385,-24.09341,373.24
2022-10-27 21:00:00,2022,27,10,21,-49.0,-21.38,75.7,9.7,323.2,79.91388,-24.09347,373.24
2022-10-27 22:00:00,2022,27,10,22,-49.0,-22.43,78.9,3.3,32.5,79.91387,-24.09335,373.24
2022-10-27 23:00:00,2022,27,10,23,-50.0,-22.28,79.7,4.3,19.2,79.91386,-24.09342,373.24
2022-10-28 00:00:00,2022,28,10,0,-50.0,-21.55,77.4,3.9,16.8,79.91387,-24.09334,373.22
2022-10-28 01:00:00,2022,28,10,1,-50.0,-20.98,75.8,3.0,37.4,79.91388,-24.09344,373.22
2022-10-28 02:00:00,2022,28,10,2,-50.0,-20.45,75.2,3.3,33.8,79.91386,-24.09335,373.22
2022-10-28 03:00:00,2022,28,10,3,-51.0,-19.77,74.2,3.5,36.5,79.91389,-24.09343,373.22
2022-10-28 04:00:00,2022,28,10,4,-51.0,-19.7,74.4,2.8,47.0,79.91391,-24.09348,373.22
2022-10-28 05:00:00,2022,28,10,5,-51.0,-19.68,75.1,2.2,22.0,79.91387,-24.09344,373.22
2022-10-28 06:00:00,2022,28,10,6,-51.0,-19.53,75.0,4.0,1.5,79.91386,-24.09344,373.22
2022-10-28 07:00:00,2022,28,10,7,-51.0,-18.67,75.4,3.9,24.7,79.91388,-24.09335,373.22
2022-10-28 08:00:00,2022,28,10,8,-51.0,-18.25,75.6,4.6,3.5,79.91386,-24.09342,373.22
2022-10-28 09:00:00,2022,28,10,9,-51.0,-16.63,74.0,5.5,4.6,79.91386,-24.09342,373.22
2022-10-28 10:00:00,2022,28,10,10,-51.0,-17.67,73.9,3.9,359.6,79.91387,-24.09350,373.22
2022-10-28 11:00:00,2022,28,10,11,-52.0,-18.38,74.6,2.8,27.1,79.91387,-24.09323,373.22
2022-10-28 12:00:00,2022,28,10,12,-52.0,-16.2,73.6,6.5,355.1,79.91389,-24.09345,373.22
2022-10-28 13:00:00,2022,28,10,13,-51.0,-16.72,73.9,6.7,344.6,79.91388,-24.09334,373.22
2022-10-28 14:00:00,2022,28,10,14,-51.0,-16.33,76.3,9.8,332.9,79.91388,-24.09339,373.22
2022-10-28 15:00:00,2022,28,10,15,-51.0,-15.95,83.1,11.0,336.8,79.91388,-24.09339,373.22
2022-10-28 16:00:00,2022,28,10,16,-52.0,-15.63,84.1,11.2,337.0,79.91387,-24.09350,373.22
2022-10-28 17:00:00,2022,28,10,17,-52.0,-15.87,83.0,11.4,341.7,79.91384,-24.09340,373.22
2022-10-28 18:00:00,2022,28,10,18,-52.0,-15.68,82.5,11.1,336.9,79.91386,-24.09330,373.22
2022-10-28 19:00:00,2022,28,10,19,-52.0,-15.28,82.4,10.5,338.3,79.91386,-24.09326,373.22
2022-10-28 20:00:00,2022,28,10,20,-51.0,-15.22,81.9,10.1,339.2,79.91385,-24.09334,373.22
2022-10-28 21:00:00,2022,28,10,21,-51.0,-15.37,83.3,10.7,339.4,79.91386,-24.09344,373.22
2022-10-28 22:00:00,2022,28,10,22,-51.0,-15.08,83.9,11.5,343.7,79.91387,-24.09345,373.22
2022-10-28 23:00:00,2022,28,10,23,-51.0,-15.37,82.2,10.9,340.3,79.91387,-24.09339,373.22
2022-10-29 00:00:00,2022,29,10,0,-52.0,-15.33,81.5,11.0,340.1,79.91389,-24.09329,373.20
2022-10-29 01:00:00,2022,29,10,1,-51.0,-15.43,78.7,9.2,337.9,79.91388,-24.09344,373.20
2022-10-29 02:00:00,2022,29,10,2,-52.0,-16.27,77.4,9.7,335.4,79.91385,-24.09341,373.20
2022-10-29 03:00:00,2022,29,10,3,-52.0,-16.12,77.7,11.2,336.8,79.91389,-24.09345,373.20
2022-10-29 04:00:00,2022,29,10,4,-52.0,-15.37,79.4,10.9,341.1,79.91387,-24.09340,373.20
2022-10-29 05:00:00,2022,29,10,5,-52.0,-15.93,79.2,9.2,358.4,79.91388,-24.09355,373.20
2022-10-29 06:00:00,2022,29,10,6,-51.0,-14.93,76.8,9.3,353.5,79.91386,-24.09359,373.20
2022-10-29 07:00:00,2022,29,10,7,-51.0,-14.72,75.8,8.6,342.6,79.91388,-24.09345,373.20
2022-10-29 08:00:00,2022,29,10,8,-50.0,-15.42,74.9,7.1,330.5,79.91385,-24.09343,373.20
2022-10-29 09:00:00,2022,29,10,9,-50.0,-16.3,75.0,7.2,326.6,79.91387,-24.09347,373.20
2022-10-29 10:00:00,2022,29,10,10,-50.0,-15.88,75.3,7.5,331.9,79.91387,-24.09347,373.20
2022-10-29 11:00:00,2022,29,10,11,-50.0,-15.7,76.1,7.1,343.4,79.91387,-24.09337,373.20
2022-10-29 12:00:00,2022,29,10,12,-49.0,-15.6,77.7,4.7,330.7,79.91388,-24.09340,373.20
2022-10-29 13:00:00,2022,29,10,13,-49.0,-15.22,80.0,4.0,353.6,79.91389,-24.09342,373.20
2022-10-29 14:00:00,2022,29,10,14,-49.0,-14.82,80.8,2.4,35.2,79.91388,-24.09343,373.20
2022-10-29 15:00:00,2022,29,10,15,-49.0,-15.33,81.1,2.7,60.0,79.91389,-24.09340,373.20
2022-10-29 16:00:00,2022,29,10,16,-50.0,-15.33,80.7,6.8,340.2,79.91388,-24.09343,373.20
2022-10-29 17:00:00,2022,29,10,17,-50.0,-15.5,79.4,8.0,325.7,79.91386,-24.09346,373.20
2022-10-29 18:00:00,2022,29,10,18,-50.0,-15.43,78.8,6.9,325.8,79.91387,-24.09338,373.20
2022-10-29 19:00:00,2022,29,10,19,-50.0,-15.27,79.3,6.9,334.4,79.91387,-24.09330,373.20
2022-10-29 20:00:00,2022,29,10,20,-50.0,-15.32,78.0,6.0,322.7,79.91385,-24.09331,373.20
2022-10-29 21:00:00,2022,29,10,21,-50.0,-14.88,78.9,6.0,335.3,79.91385,-24.09329,373.20
2022-10-29 22:00:00,2022,29,10,22,-50.0,-14.95,80.3,5.5,355.7,79.91387,-24.09354,373.20
2022-10-29 23:00:00,2022,29,10,23,-50.0,-15.25,82.6,5.1,340.7,79.91386,-24.09335,373.20
2022-10-30 00:00:00,2022,30,10,0,-50.0,-15.08,83.4,4.2,347.1,79.91387,-24.09327,373.19
2022-10-30 01:00:00,2022,30,10,1,-51.0,-14.8,83.3,4.4,347.9,79.91389,-24.09350,373.19
2022-10-30 02:00:00,2022,30,10,2,-51.0,-15.12,84.4,3.7,347.3,79.91387,-24.09341,373.19
2022-10-30 03:00:00,2022,30,10,3,-51.0,-14.88,81.8,4.2,343.8,79.91387,-24.09346,373.19
2022-10-30 04:00:00,2022,30,10,4,-51.0,-16.67,77.9,5.0,313.8,79.91389,-24.09347,373.19
2022-10-30 05:00:00,2022,30,10,5,-52.0,-17.32,75.4,5.3,307.9,79.91387,-24.09348,373.19
2022-10-30 06:00:00,2022,30,10,6,-52.0,-18.28,74.8,6.5,299.6,79.91388,-24.09339,373.19
2022-10-30 07:00:00,2022,30,10,7,-52.0,-18.42,70.8,7.3,303.3,79.91388,-24.09349,373.19
2022-10-30 08:00:00,2022,30,10,8,-52.0,-19.32,69.6,8.1,295.9,79.91386,-24.09340,373.19
2022-10-30 09:00:00,2022,30,10,9,-52.0,-19.78,69.2,8.3,296.7,79.91388,-24.09346,373.19
2022-10-30 10:00:00,2022,30,10,10,-51.0,-19.83,68.1,9.4,300.0,79.91387,-24.09347,373.19
2022-10-30 11:00:00,2022,30,10,11,-51.0,-20.2,68.2,9.5,299.5,79.91388,-24.09338,373.19
2022-10-30 12:00:00,2022,30,10,12,-51.0,-20.15,68.5,10.2,305.7,79.91387,-24.09337,373.19
2022-10-30 13:00:00,2022,30,10,13,-51.0,-20.45,67.6,9.7,303.2,79.91388,-24.09342,373.19
2022-10-30 14:00:00,2022,30,10,14,-50.0,-20.13,67.5,9.9,307.9,79.91388,-24.09339,373.19
2022-10-30 15:00:00,2022,30,10,15,-50.0,-19.58,69.7,12.3,306.2,79.91389,-24.09347,373.19
2022-10-30 16:00:00,2022,30,10,16,-50.0,-19.57,70.8,13.2,304.1,79.91388,-24.09338,373.19
2022-10-30 17:00:00,2022,30,10,17,-49.0,-19.78,67.4,9.3,309.1,79.91387,-24.09333,373.19
2022-10-30 18:00:00,2022,30,10,18,-49.0,-20.02,66.2,6.2,335.8,79.91388,-24.09324,373.19
2022-10-30 19:00:00,2022,30,10,19,-48.0,-18.05,57.9,4.4,2.9,79.91386,-24.09329,373.19
2022-10-30 20:00:00,2022,30,10,20,-48.0,-18.05,56.0,6.5,313.1,79.91384,-24.09341,373.19
2022-10-30 21:00:00,2022,30,10,21,-48.0,-18.63,64.0,9.6,300.9,79.91386,-24.09343,373.19
2022-10-30 22:00:00,2022,30,10,22,-48.0,-18.78,64.8,8.6,303.0,79.91388,-24.09340,373.19
2022-10-30 23:00:00,2022,30,10,23,-48.0,-18.15,58.3,6.1,321.6,79.91386,-24.09346,373.19
2022-10-31 00:00:00,2022,31,10,0,-47.0,-18.75,54.2,5.1,328.1,79.91387,-24.09328,373.17
2022-10-31 01:00:00,2022,31,10,1,-47.0,-19.22,54.2,5.4,289.3,79.91388,-24.09349,373.17
2022-10-31 02:00:00,2022,31,10,2,-47.0,-19.55,54.4,4.7,306.6,79.91387,-24.09342,373.17
2022-10-31 03:00:00,2022,31,10,3,-47.0,-17.88,54.2,3.8,316.2,79.91385,-24.09334,373.17
2022-10-31 04:00:00,2022,31,10,4,-48.0,-17.03,52.5,1.9,4.0,79.91389,-24.09342,373.17
2022-10-31 05:00:00,2022,31,10,5,-48.0,-17.68,54.2,1.1,347.0,79.91388,-24.09351,373.17
2022-10-31 06:00:00,2022,31,10,6,-47.0,-17.53,61.0,1.8,240.9,79.91386,-24.09344,373.17
2022-10-31 07:00:00,2022,31,10,7,-47.0,-17.38,62.5,1.4,324.5,79.91388,-24.09342,373.17
2022-10-31 08:00:00,2022,31,10,8,-47.0,-18.23,63.9,0.5,195.0,79.91387,-24.09342,373.17
2022-10-31 09:00:00,2022,31,10,9,-47.0,-18.68,63.7,1.0,228.2,79.91388,-24.09339,373.17
2022-10-31 10:00:00,2022,31,10,10,-47.0,-19.2,61.8,2.1,240.5,79.91386,-24.09339,373.17
2022-10-31 11:00:00,2022,31,10,11,-47.0,-19.37,58.5,2.5,240.9,79.91388,-24.09343,373.17
2022-10-31 12:00:00,2022,31,10,12,-47.0,-19.57,59.2,2.6,248.8,79.91387,-24.09327,373.17
2022-10-31 13:00:00,2022,31,10,13,-47.0,-19.08,56.0,2.3,249.0,79.91388,-24.09334,373.17
2022-10-31 14:00:00,2022,31,10,14,-46.0,-19.33,59.3,1.1,249.9,79.91387,-24.09340,373.17
2022-10-31 15:00:00,2022,31,10,15,-46.0,-19.2,60.7,1.6,265.9,79.91387,-24.09335,373.17
2022-10-31 16:00:00,2022,31,10,16,-46.0,-18.98,69.0,3.2,253.6,79.91386,-24.09332,373.17
2022-10-31 17:00:00,2022,31,10,17,-46.0,-18.88,74.1,3.5,268.7,79.91385,-24.09334,373.17
2022-10-31 18:00:00,2022,31,10,18,-46.0,-19.7,68.8,4.7,275.8,79.91386,-24.09326,373.17
2022-10-31 19:00:00,2022,31,10,19,-46.0,-20.82,66.9,5.1,282.7,79.91387,-24.09338,373.17
2022-10-31 20:00:00,2022,31,10,20,-46.0,-20.43,63.2,3.9,291.9,79.91385,-24.09340,373.17
2022-10-31 21:00:00,2022,31,10,21,-46.0,-21.62,61.7,4.1,292.9,79.91387,-24.09338,373.17
2022-10-31 22:00:00,2022,31,10,22,-46.0,-20.93,62.0,3.4,292.5,79.91388,-24.09347,373.17
2022-10-31 23:00:00,2022,31,10,23,-46.0,-20.47,57.8,2.9,298.4,79.91387,-24.09338,373.17
2022-11-01 00:00:00,2022,1,11,0,-46.0,-20.48,55.9,2.7,309.2,79.91386,-24.09337,373.15
2022-11-01 01:00:00,2022,1,11,1,-46.0,-21.55,59.0,3.3,291.1,79.91388,-24.09345,373.15
2022-11-01 02:00:00,2022,1,11,2,-47.0,-22.42,61.9,3.5,290.6,79.91387,-24.09356,373.15
2022-11-01 03:00:00,2022,1,11,3,-47.0,-22.98,59.2,4.8,287.8,79.91388,-24.09335,373.15
2022-11-01 04:00:00,2022,1,11,4,-47.0,-22.73,57.5,4.5,284.4,79.91388,-24.09338,373.15
2022-11-01 05:00:00,2022,1,11,5,-47.0,-23.25,61.4,4.2,290.9,79.91387,-24.09348,373.15
2022-11-01 06:00:00,2022,1,11,6,-47.0,-23.32,61.5,3.6,305.7,79.91388,-24.09349,373.15
2022-11-01 07:00:00,2022,1,11,7,-47.0,-24.02,62.6,4.7,300.4,79.91388,-24.09347,373.15
2022-11-01 08:00:00,2022,1,11,8,-47.0,-23.35,69.4,3.3,310.3,79.91387,-24.09340,373.15
2022-11-01 09:00:00,2022,1,11,9,-46.0,-22.72,65.7,2.2,303.2,79.91387,-24.09340,373.15
2022-11-01 10:00:00,2022,1,11,10,-47.0,-22.8,61.5,3.2,289.1,79.91384,-24.09341,373.15
2022-11-01 11:00:00,2022,1,11,11,-47.0,-23.02,65.1,2.6,311.8,79.91388,-24.09348,373.15
2022-11-01 12:00:00,2022,1,11,12,-47.0,-22.9,66.8,2.5,309.5,79.91389,-24.09340,373.15
2022-11-01 13:00:00,2022,1,11,13,-47.0,-22.77,66.2,1.7,303.0,79.91389,-24.09337,373.15
2022-11-01 14:00:00,2022,1,11,14,-47.0,-22.85,66.0,2.3,313.5,79.91387,-24.09343,373.15
2022-11-01 15:00:00,2022,1,11,15,-47.0,-22.8,65.5,1.8,311.4,79.91390,-24.09348,373.15
2022-11-01 16:00:00,2022,1,11,16,-47.0,-22.9,66.1,2.4,308.1,79.91388,-24.09333,373.15
2022-11-01 17:00:00,2022,1,11,17,-47.0,-22.58,65.4,2.5,326.3,79.91388,-24.09338,373.15
2022-11-01 18:00:00,2022,1,11,18,-47.0,-23.4,69.3,2.9,351.9,79.91388,-24.09348,373.15
2022-11-01 19:00:00,2022,1,11,19,-47.0,-23.32,71.0,3.6,356.1,79.91387,-24.09330,373.15
2022-11-01 20:00:00,2022,1,11,20,-47.0,-23.12,71.6,3.8,355.3,79.91384,-24.09332,373.15
2022-11-01 21:00:00,2022,1,11,21,-47.0,-23.25,72.2,3.7,356.3,79.91387,-24.09332,373.15
2022-11-01 22:00:00,2022,1,11,22,-46.0,-23.45,73.1,4.2,355.5,79.91389,-24.09339,373.15
2022-11-01 23:00:00,2022,1,11,23,-46.0,-23.92,73.8,4.9,357.7,79.91387,-24.09339,373.15
2022-11-02 00:00:00,2022,2,11,0,-46.0,-24.18,74.9,6.1,349.1,79.91387,-24.09342,373.14
2022-11-02 01:00:00,2022,2,11,1,-46.0,-24.33,75.4,6.8,342.3,79.91387,-24.09349,373.14
2022-11-02 02:00:00,2022,2,11,2,-45.0,-25.03,77.4,6.7,353.0,79.91387,-24.09348,373.14
2022-11-02 03:00:00,2022,2,11,3,-45.0,-25.5,79.5,6.0,355.1,79.91387,-24.09336,373.14
2022-11-02 04:00:00,2022,2,11,4,-44.0,-23.57,75.9,7.4,344.3,79.91387,-24.09335,373.14
2022-11-02 05:00:00,2022,2,11,5,-43.0,-22.42,73.0,7.4,336.4,79.91388,-24.09342,373.14
2022-11-02 06:00:00,2022,2,11,6,-42.0,-23.25,74.7,5.7,25.0,79.91388,-24.09342,373.14
2022-11-02 07:00:00,2022,2,11,7,-41.0,-25.18,78.7,6.6,357.3,79.91388,-24.09341,373.14
2022-11-02 08:00:00,2022,2,11,8,-41.0,-24.45,77.6,5.5,1.8,79.91387,-24.09339,373.14
2022-11-02 09:00:00,2022,2,11,9,-41.0,-23.5,75.2,8.1,4.7,79.91386,-24.09333,373.14
2022-11-02 10:00:00,2022,2,11,10,-40.0,-23.65,75.2,6.1,359.8,79.91387,-24.09341,373.14
2022-11-02 11:00:00,2022,2,11,11,-39.0,-21.53,71.8,6.8,344.1,79.91388,-24.09346,373.14
2022-11-02 12:00:00,2022,2,11,12,-39.0,-22.78,78.0,6.9,352.1,79.91389,-24.09348,373.14
2022-11-02 13:00:00,2022,2,11,13,-39.0,-22.57,77.5,8.6,332.7,79.91389,-24.09347,373.14
2022-11-02 14:00:00,2022,2,11,14,-38.0,-22.07,76.5,9.2,339.2,79.91387,-24.09321,373.14
2022-11-02 15:00:00,2022,2,11,15,-38.0,-21.8,77.0,9.0,343.2,79.91389,-24.09325,373.14
2022-11-02 16:00:00,2022,2,11,16,-37.0,-21.98,78.5,8.4,337.7,79.91386,-24.09337,373.14
2022-11-02 17:00:00,2022,2,11,17,-37.0,-22.03,79.2,7.9,339.1,79.91387,-24.09325,373.14
2022-11-02 18:00:00,2022,2,11,18,-37.0,-21.6,79.0,7.3,336.3,79.91387,-24.09329,373.14
2022-11-02 19:00:00,2022,2,11,19,-36.0,-20.03,78.8,7.9,338.0,79.91387,-24.09339,373.14
2022-11-02 20:00:00,2022,2,11,20,-36.0,-20.3,80.4,8.0,341.8,79.91383,-24.09336,373.14
2022-11-02 21:00:00,2022,2,11,21,-36.0,-20.23,80.2,7.9,343.4,79.91387,-24.09334,373.14
2022-11-02 22:00:00,2022,2,11,22,-36.0,-20.22,80.7,7.1,344.5,79.91389,-24.09338,373.14
2022-11-02 23:00:00,2022,2,11,23,-35.0,-19.98,81.1,7.1,342.7,79.91387,-24.09338,373.14
2022-11-03 00:00:00,2022,3,11,0,-35.0,-19.43,81.7,6.8,339.4,79.91386,-24.09332,373.12
2022-11-03 01:00:00,2022,3,11,1,-35.0,-18.78,82.2,4.2,30.2,79.91388,-24.09341,373.12
2022-11-03 02:00:00,2022,3,11,2,-35.0,-18.57,82.8,3.5,4.8,79.91386,-24.09345,373.12
2022-11-03 03:00:00,2022,3,11,3,-35.0,-17.85,83.2,3.0,4.5,79.91387,-24.09322,373.12
2022-11-03 04:00:00,2022,3,11,4,-35.0,-17.27,83.4,2.6,40.5,79.91388,-24.09340,373.12
2022-11-03 05:00:00,2022,3,11,5,-35.0,-16.47,79.7,3.8,345.8,79.91387,-24.09341,373.12
2022-11-03 06:00:00,2022,3,11,6,-34.0,-16.67,70.4,4.5,338.3,79.91386,-24.09344,373.12
2022-11-03 07:00:00,2022,3,11,7,-34.0,-16.3,64.4,6.1,333.5,79.91387,-24.09349,373.12
2022-11-03 08:00:00,2022,3,11,8,-34.0,-16.68,61.0,6.1,326.3,79.91388,-24.09351,373.12
2022-11-03 09:00:00,2022,3,11,9,-34.0,-16.58,58.5,7.1,316.8,79.91386,-24.09336,373.12
2022-11-03 10:00:00,2022,3,11,10,-34.0,-16.95,56.1,6.6,329.8,79.91387,-24.09342,373.12
2022-11-03 11:00:00,2022,3,11,11,-34.0,-18.17,57.4,4.2,312.5,79.91387,-24.09346,373.12
2022-11-03 12:00:00,2022,3,11,12,-34.0,-19.0,59.0,5.4,306.9,79.91387,-24.09335,373.12
2022-11-03 13:00:00,2022,3,11,13,-35.0,-20.0,60.9,6.7,294.7,79.91388,-24.09338,373.12
2022-11-03 14:00:00,2022,3,11,14,-35.0,-20.1,59.9,6.2,294.1,79.91387,-24.09342,373.12
2022-11-03 15:00:00,2022,3,11,15,-35.0,-20.38,58.7,6.3,288.4,79.91389,-24.09323,373.12
2022-11-03 16:00:00,2022,3,11,16,-35.0,-20.97,60.2,6.9,289.8,79.91389,-24.09336,373.12
2022-11-03 17:00:00,2022,3,11,17,-35.0,-20.18,58.0,6.5,290.9,79.91386,-24.09332,373.12
2022-11-03 18:00:00,2022,3,11,18,-35.0,-20.27,57.2,6.3,294.4,79.91387,-24.09331,373.12
2022-11-03 19:00:00,2022,3,11,19,-35.0,-20.03,54.1,5.1,306.4,79.91388,-24.09339,373.12
2022-11-03 20:00:00,2022,3,11,20,-36.0,-20.3,54.7,5.3,299.6,79.91388,-24.09338,373.12
2022-11-03 21:00:00,2022,3,11,21,-36.0,-20.85,55.4,5.6,297.1,79.91387,-24.09334,373.12
2022-11-03 22:00:00,2022,3,11,22,-36.0,-20.75,53.5,4.9,308.4,79.91387,-24.09337,373.12
2022-11-03 23:00:00,2022,3,11,23,-36.0,-21.43,54.8,4.5,309.8,79.91387,-24.09340,373.12
2022-11-04 00:00:00,2022,4,11,0,-36.0,-21.67,53.2,3.1,310.3,79.91386,-24.09334,373.10
2022-11-04 01:00:00,2022,4,11,1,-36.0,-22.92,55.6,4.1,299.2,79.91386,-24.09344,373.10
2022-11-04 02:00:00,2022,4,11,2,-37.0,-23.02,54.8,4.2,296.5,79.91387,-24.09347,373.10
2022-11-04 03:00:00,2022,4,11,3,-37.0,-23.27,53.6,3.6,294.6,79.91387,-24.09324,373.10
2022-11-04 04:00:00,2022,4,11,4,-37.0,-24.2,55.7,4.6,281.6,79.91388,-24.09337,373.10
2022-11-04 05:00:00,2022,4,11,5,-37.0,-23.02,51.6,4.0,266.6,79.91386,-24.09347,373.10
2022-11-04 06:00:00,2022,4,11,6,-37.0,-22.77,48.8,2.6,262.2,79.91387,-24.09336,373.10
2022-11-04 07:00:00,2022,4,11,7,-38.0,-23.1,49.2,3.2,251.0,79.91387,-24.09352,373.10
2022-11-04 08:00:00,2022,4,11,8,-38.0,-23.53,55.4,2.9,239.0,79.91387,-24.09338,373.10
2022-11-04 09:00:00,2022,4,11,9,-38.0,-23.53,55.2,1.7,245.0,79.91387,-24.09330,373.10
2022-11-04 10:00:00,2022,4,11,10,-38.0,-23.77,56.4,1.4,241.8,79.91387,-24.09342,373.10
2022-11-04 11:00:00,2022,4,11,11,-38.0,-24.52,59.6,2.1,239.6,79.91389,-24.09355,373.10
2022-11-04 12:00:00,2022,4,11,12,-39.0,-23.85,60.0,3.7,231.9,79.91389,-24.09334,373.10
2022-11-04 13:00:00,2022,4,11,13,-39.0,-23.55,57.6,3.4,233.2,79.91391,-24.09356,373.10
2022-11-04 14:00:00,2022,4,11,14,-39.0,-25.13,61.7,2.5,219.9,79.91388,-24.09336,373.10
2022-11-04 15:00:00,2022,4,11,15,-40.0,-24.58,60.4,3.9,219.1,79.91390,-24.09337,373.10
2022-11-04 16:00:00,2022,4,11,16,-40.0,-23.7,57.3,4.8,223.5,79.91388,-24.09335,373.10
2022-11-04 17:00:00,2022,4,11,17,-40.0,-23.37,58.4,4.4,230.7,79.91387,-24.09347,373.10
2022-11-04 18:00:00,2022,4,11,18,-40.0,-23.38,57.4,4.4,227.4,79.91388,-24.09342,373.10
2022-11-04 19:00:00,2022,4,11,19,-40.0,-23.3,56.4,4.5,224.5,79.91388,-24.09337,373.10
2022-11-04 20:00:00,2022,4,11,20,-40.0,-23.15,57.4,5.4,224.7,79.91388,-24.09340,373.10
2022-11-04 21:00:00,2022,4,11,21,-41.0,-23.38,58.7,5.3,219.8,79.91388,-24.09336,373.10
2022-11-04 22:00:00,2022,4,11,22,-41.0,-23.57,58.1,5.5,217.4,79.91386,-24.09347,373.10
2022-11-04 23:00:00,2022,4,11,23,-42.0,-23.33,56.1,5.7,211.4,79.91385,-24.09340,373.10
2022-11-05 00:00:00,2022,5,11,0,-42.0,-23.7,58.1,5.3,215.2,79.91384,-24.09333,373.09
2022-11-05 01:00:00,2022,5,11,1,-43.0,-23.88,61.3,6.8,213.2,79.91386,-24.09342,373.09
2022-11-05 02:00:00,2022,5,11,2,-43.0,-23.4,60.4,7.1,213.5,79.91387,-24.09342,373.09
2022-11-05 03:00:00,2022,5,11,3,-44.0,-23.35,58.4,6.8,213.3,79.91387,-24.09341,373.09
2022-11-05 04:00:00,2022,5,11,4,-45.0,-23.1,60.8,7.6,208.3,79.91387,-24.09336,373.09
2022-11-05 05:00:00,2022,5,11,5,-45.0,-23.37,65.0,7.5,208.9,79.91386,-24.09340,373.09
2022-11-05 06:00:00,2022,5,11,6,-45.0,-23.2,62.6,8.3,210.0,79.91387,-24.09342,373.09
2022-11-05 07:00:00,2022,5,11,7,-46.0,-22.9,65.0,6.0,207.1,79.91385,-24.09352,373.09
2022-11-05 08:00:00,2022,5,11,8,-47.0,-22.27,65.7,7.3,198.8,79.91386,-24.09332,373.09
2022-11-05 09:00:00,2022,5,11,9,-47.0,-22.02,67.5,8.3,197.4,79.91387,-24.09333,373.09
2022-11-05 10:00:00,2022,5,11,10,-47.0,-21.25,66.3,8.7,195.6,79.91386,-24.09344,373.09
2022-11-05 11:00:00,2022,5,11,11,-48.0,-21.85,70.2,7.6,195.4,79.91388,-24.09342,373.09
2022-11-05 12:00:00,2022,5,11,12,-48.0,-21.7,70.8,8.7,201.3,79.91388,-24.09330,373.09
2022-11-05 13:00:00,2022,5,11,13,-49.0,-21.83,70.6,9.2,197.9,79.91388,-24.09337,373.09
2022-11-05 14:00:00,2022,5,11,14,-49.0,-22.02,70.3,7.5,190.2,79.91387,-24.09335,373.09
2022-11-05 15:00:00,2022,5,11,15,-49.0,-22.87,70.7,7.0,195.3,79.91389,-24.09330,373.09
2022-11-05 16:00:00,2022,5,11,16,-50.0,-23.17,70.6,6.2,198.4,79.91387,-24.09345,373.09
2022-11-05 17:00:00,2022,5,11,17,-50.0,-23.18,70.9,6.4,203.8,79.91386,-24.09336,373.09
2022-11-05 18:00:00,2022,5,11,18,-50.0,-23.12,71.7,3.7,195.1,79.91386,-24.09340,373.09
2022-11-05 19:00:00,2022,5,11,19,-51.0,-22.9,72.4,2.9,193.8,79.91387,-24.09342,373.09
2022-11-05 20:00:00,2022,5,11,20,-51.0,-22.98,72.8,3.0,203.5,79.91386,-24.09335,373.09
2022-11-05 21:00:00,2022,5,11,21,-51.0,-22.98,73.9,2.4,129.6,79.91386,-24.09332,373.09
2022-11-05 22:00:00,2022,5,11,22,-51.0,-24.2,77.7,1.1,344.7,79.91386,-24.09337,373.09
2022-11-05 23:00:00,2022,5,11,23,-51.0,-23.85,77.6,0.8,286.9,79.91386,-24.09336,373.09
2022-11-06 00:00:00,2022,6,11,0,-51.0,-23.82,76.8,1.1,344.7,79.91385,-24.09334,373.07
2022-11-06 01:00:00,2022,6,11,1,-51.0,-22.95,75.6,1.1,273.6,79.91387,-24.09330,373.07
2022-11-06 02:00:00,2022,6,11,2,-51.0,-22.78,75.3,0.6,268.0,79.91387,-24.09341,373.07
2022-11-06 03:00:00,2022,6,11,3,-51.0,-22.15,75.4,1.7,296.0,79.91388,-24.09345,373.07
2022-11-06 04:00:00,2022,6,11,4,-50.0,-20.78,71.9,2.8,347.6,79.91390,-24.09343,373.07
2022-11-06 05:00:00,2022,6,11,5,-50.0,-23.2,74.5,5.0,344.7,79.91387,-24.09338,373.07
2022-11-06 06:00:00,2022,6,11,6,-49.0,-24.27,77.9,5.6,355.9,79.91387,-24.09339,373.07
2022-11-06 07:00:00,2022,6,11,7,-49.0,-24.88,76.9,6.6,3.6,79.91386,-24.09341,373.07
2022-11-06 08:00:00,2022,6,11,8,-49.0,-23.48,75.8,6.0,6.2,79.91386,-24.09338,373.07
2022-11-06 09:00:00,2022,6,11,9,-48.0,-21.25,73.1,7.5,3.9,79.91387,-24.09334,373.07
2022-11-06 10:00:00,2022,6,11,10,-47.0,-23.32,73.8,5.4,13.2,79.91386,-24.09336,373.07
2022-11-06 11:00:00,2022,6,11,11,-47.0,-24.1,76.3,4.8,14.3,79.91389,-24.09341,373.07
2022-11-06 12:00:00,2022,6,11,12,-46.0,-24.25,77.4,5.3,29.2,79.91390,-24.09330,373.07
2022-11-06 13:00:00,2022,6,11,13,-45.0,-24.65,77.8,4.3,20.5,79.91389,-24.09336,373.07
2022-11-06 14:00:00,2022,6,11,14,-45.0,-21.98,72.9,3.9,17.2,79.91389,-24.09336,373.07
2022-11-06 15:00:00,2022,6,11,15,-43.0,-20.42,73.4,3.7,18.8,79.91388,-24.09335,373.07
2022-11-06 16:00:00,2022,6,11,16,-42.0,-17.22,74.2,5.1,10.7,79.91387,-24.09335,373.07
2022-11-06 17:00:00,2022,6,11,17,-41.0,-13.82,74.9,8.8,333.3,79.91385,-24.09336,373.07
2022-11-06 18:00:00,2022,6,11,18,-40.0,-14.42,75.4,11.3,320.3,79.91387,-24.09340,373.07
2022-11-06 19:00:00,2022,6,11,19,-40.0,-15.68,73.7,12.6,313.0,79.91386,-24.09340,373.07
2022-11-06 20:00:00,2022,6,11,20,-39.0,-16.28,71.5,11.6,315.2,79.91386,-24.09335,373.07
2022-11-06 21:00:00,2022,6,11,21,-39.0,-16.58,71.0,12.0,311.1,79.91385,-24.09335,373.07
2022-11-06 22:00:00,2022,6,11,22,-38.0,-16.68,71.1,12.2,310.1,79.91387,-24.09341,373.07
2022-11-06 23:00:00,2022,6,11,23,-38.0,-16.68,69.0,11.6,308.7,79.91385,-24.09331,373.07
2022-11-07 00:00:00,2022,7,11,0,-37.0,-17.42,69.3,11.7,303.4,79.91386,-24.09334,373.05
2022-11-07 01:00:00,2022,7,11,1,-37.0,-16.95,68.3,10.9,316.2,79.91386,-24.09333,373.05
2022-11-07 02:00:00,2022,7,11,2,-37.0,-16.98,66.7,10.7,309.4,79.91387,-24.09343,373.05
2022-11-07 03:00:00,2022,7,11,3,-37.0,-17.88,66.9,11.2,303.7,79.91388,-24.09352,373.05
2022-11-07 04:00:00,2022,7,11,4,-37.0,-17.58,66.0,11.6,300.1,79.91388,-24.09334,373.05
2022-11-07 05:00:00,2022,7,11,5,-37.0,-18.08,65.3,11.5,297.4,79.91386,-24.09339,373.05
2022-11-07 06:00:00,2022,7,11,6,-36.0,-18.37,65.2,11.0,300.7,79.91389,-24.09346,373.05
2022-11-07 07:00:00,2022,7,11,7,-36.0,-18.53,63.8,11.2,297.1,79.91387,-24.09352,373.05
2022-11-07 08:00:00,2022,7,11,8,-36.0,-19.22,64.3,11.0,289.9,79.91388,-24.09344,373.05
2022-11-07 09:00:00,2022,7,11,9,-36.0,-19.63,65.9,11.4,297.1,79.91387,-24.09340,373.05
2022-11-07 10:00:00,2022,7,11,10,-36.0,-20.32,66.8,12.0,296.1,79.91387,-24.09335,373.05
2022-11-07 11:00:00,2022,7,11,11,-36.0,-20.13,63.4,10.9,305.3,79.91389,-24.09351,373.05
2022-11-07 12:00:00,2022,7,11,12,-36.0,-19.9,60.0,9.6,305.6,79.91389,-24.09301,373.05
2022-11-07 13:00:00,2022,7,11,13,-36.0,-20.0,62.5,11.3,302.8,79.91388,-24.09346,373.05
2022-11-07 14:00:00,2022,7,11,14,-36.0,-20.23,62.6,11.0,304.4,79.91388,-24.09328,373.05
2022-11-07 15:00:00,2022,7,11,15,-37.0,-20.85,62.5,10.8,299.5,79.91384,-24.09337,373.05
2022-11-07 16:00:00,2022,7,11,16,-37.0,-19.87,56.5,8.8,311.4,79.91383,-24.09333,373.05
2022-11-07 17:00:00,2022,7,11,17,-37.0,-19.82,54.3,8.2,310.8,79.91380,-24.09349,373.05
2022-11-07 18:00:00,2022,7,11,18,-36.0,-20.12,54.3,8.7,307.2,79.91384,-24.09324,373.05
2022-11-07 19:00:00,2022,7,11,19,-37.0,-20.65,53.4,8.9,308.7,79.91388,-24.09349,373.05
2022-11-07 20:00:00,2022,7,11,20,-37.0,-20.37,52.4,8.8,306.6,79.91387,-24.09328,373.05
2022-11-07 21:00:00,2022,7,11,21,-37.0,-21.02,55.9,9.3,304.8,79.91387,-24.09328,373.05
2022-11-07 22:00:00,2022,7,11,22,-37.0,-20.58,56.4,8.8,307.3,79.91387,-24.09334,373.05
2022-11-07 23:00:00,2022,7,11,23,-37.0,-20.45,54.3,6.1,320.1,79.91387,-24.09335,373.05
2022-11-08 00:00:00,2022,8,11,0,-37.0,-21.28,54.2,4.1,345.2,79.91386,-24.09333,373.04
2022-11-08 01:00:00,2022,8,11,1,-37.0,-20.92,50.2,5.4,331.1,79.91385,-24.09344,373.04
2022-11-08 02:00:00,2022,8,11,2,-37.0,-21.55,54.9,6.8,303.9,79.91388,-24.09337,373.04
2022-11-08 03:00:00,2022,8,11,3,-37.0,-21.2,53.0,5.9,318.8,79.91387,-24.09346,373.04
2022-11-08 04:00:00,2022,8,11,4,-38.0,-21.58,54.9,6.4,322.5,79.91388,-24.09340,373.04
2022-11-08 05:00:00,2022,8,11,5,-37.0,-20.83,53.5,3.4,359.0,79.91388,-24.09343,373.04
2022-11-08 06:00:00,2022,8,11,6,-37.0,-20.28,57.7,7.1,316.1,79.91387,-24.09342,373.04
2022-11-08 07:00:00,2022,8,11,7,-37.0,-21.2,57.9,7.2,309.4,79.91387,-24.09344,373.04
2022-11-08 08:00:00,2022,8,11,8,-37.0,-21.62,57.9,7.8,309.7,79.91387,-24.09341,373.04
2022-11-08 09:00:00,2022,8,11,9,-37.0,-22.07,58.6,7.6,306.4,79.91387,-24.09346,373.04
2022-11-08 10:00:00,2022,8,11,10,-37.0,-22.27,59.1,7.5,304.8,79.91387,-24.09342,373.04
2022-11-08 11:00:00,2022,8,11,11,-37.0,-22.27,58.8,7.5,306.8,79.91389,-24.09356,373.04
2022-11-08 12:00:00,2022,8,11,12,-37.0,-22.6,60.4,8.2,303.9,79.91388,-24.09336,373.04
2022-11-08 13:00:00,2022,8,11,13,-37.0,-22.68,59.9,7.9,306.4,79.91389,-24.09325,373.04
2022-11-08 14:00:00,2022,8,11,14,-36.0,-22.38,59.0,7.7,309.0,79.91386,-24.09336,373.04
2022-11-08 15:00:00,2022,8,11,15,-36.0,-22.27,59.2,7.6,311.7,79.91388,-24.09336,373.04
2022-11-08 16:00:00,2022,8,11,16,-35.0,-22.2,56.0,5.1,356.6,79.91387,-24.09340,373.04
2022-11-08 17:00:00,2022,8,11,17,-35.0,-22.82,60.5,7.7,305.7,79.91388,-24.09339,373.04
2022-11-08 18:00:00,2022,8,11,18,-35.0,-22.82,60.0,8.8,311.7,79.91387,-24.09344,373.04
2022-11-08 19:00:00,2022,8,11,19,-34.0,-22.73,58.6,8.6,308.8,79.91385,-24.09335,373.04
2022-11-08 20:00:00,2022,8,11,20,-34.0,-23.48,60.7,9.2,306.1,79.91386,-24.09323,373.04
2022-11-08 21:00:00,2022,8,11,21,-34.0,-23.75,61.4,9.1,306.6,79.91387,-24.09327,373.04
2022-11-08 22:00:00,2022,8,11,22,-34.0,-23.7,60.4,9.2,309.2,79.91386,-24.09340,373.04
2022-11-08 23:00:00,2022,8,11,23,-34.0,-23.75,60.4,8.9,308.8,79.91385,-24.09336,373.04
2022-11-09 00:00:00,2022,9,11,0,-34.0,-23.48,60.8,9.3,303.6,79.91385,-24.09327,373.02
2022-11-09 01:00:00,2022,9,11,1,-33.0,-23.25,60.9,8.3,311.8,79.91386,-24.09340,373.02
2022-11-09 02:00:00,2022,9,11,2,-34.0,-23.52,60.3,7.5,311.4,79.91387,-24.09335,373.02
2022-11-09 03:00:00,2022,9,11,3,-34.0,-23.95,59.2,7.0,306.8,79.91389,-24.09343,373.02
2022-11-09 04:00:00,2022,9,11,4,-33.0,-24.17,59.2,7.1,309.6,79.91386,-24.09344,373.02
2022-11-09 05:00:00,2022,9,11,5,-33.0,-23.82,57.5,6.7,308.7,79.91387,-24.09342,373.02
2022-11-09 06:00:00,2022,9,11,6,-33.0,-23.88,57.1,7.1,308.0,79.91388,-24.09346,373.02
2022-11-09 07:00:00,2022,9,11,7,-33.0,-23.97,55.4,4.8,338.9,79.91386,-24.09339,373.02
2022-11-09 08:00:00,2022,9,11,8,-33.0,-24.02,54.6,4.0,339.6,79.91387,-24.09335,373.02
2022-11-09 09:00:00,2022,9,11,9,-33.0,-24.15,55.6,5.2,323.1,79.91387,-24.09331,373.02
2022-11-09 10:00:00,2022,9,11,10,-32.0,-24.42,54.6,3.7,357.1,79.91386,-24.09326,373.02
2022-11-09 11:00:00,2022,9,11,11,-32.0,-24.62,54.7,3.3,338.5,79.91388,-24.09356,373.02
2022-11-09 12:00:00,2022,9,11,12,-32.0,-25.2,56.4,2.9,328.9,79.91389,-24.09333,373.02
2022-11-09 13:00:00,2022,9,11,13,-33.0,-25.73,57.6,2.6,315.7,79.91389,-24.09343,373.02
2022-11-09 14:00:00,2022,9,11,14,nan,,nan,nan,nan,79.91389,-24.09335,373.02
2022-11-09 15:00:00,2022,9,11,15,-33.0,-25.2,59.0,2.5,322.7,nan,nan,373.02
2022-11-09 16:00:00,2022,9,11,16,-33.0,-24.78,58.2,2.0,330.6,79.91387,-24.09339,373.02
2022-11-09 17:00:00,2022,9,11,17,-33.0,-24.77,59.9,1.5,339.7,79.91386,-24.09334,373.02
2022-11-09 18:00:00,2022,9,11,18,-33.0,-24.97,62.5,0.7,352.6,79.91387,-24.09332,373.02
2022-11-09 19:00:00,2022,9,11,19,-33.0,-24.48,70.2,0.6,299.5,79.91386,-24.09353,373.02
2022-11-09 20:00:00,2022,9,11,20,-33.0,-24.92,75.3,0.2,25.2,79.91385,-24.09331,373.02
2022-11-09 21:00:00,2022,9,11,21,-33.0,-24.62,76.7,0.6,319.9,79.91387,-24.09336,373.02
2022-11-09 22:00:00,2022,9,11,22,-33.0,-24.37,77.1,0.2,337.6,79.91386,-24.09337,373.02
2022-11-09 23:00:00,2022,9,11,23,-34.0,-24.22,77.5,0.7,30.5,79.91387,-24.09336,373.02
2022-11-10 00:00:00,2022,10,11,0,-34.0,-23.98,77.6,1.1,338.0,79.91386,-24.09336,373.00
2022-11-10 01:00:00,2022,10,11,1,-34.0,-23.35,77.1,1.2,337.3,79.91386,-24.09339,373.00
2022-11-10 02:00:00,2022,10,11,2,-34.0,-23.62,78.3,0.8,24.2,79.91386,-24.09341,373.00
2022-11-10 03:00:00,2022,10,11,3,-34.0,-23.5,77.6,0.9,353.0,79.91389,-24.09342,373.00
2022-11-10 04:00:00,2022,10,11,4,-35.0,-23.93,77.0,0.7,299.3,79.91388,-24.09344,373.00
2022-11-10 05:00:00,2022,10,11,5,-35.0,-24.0,71.7,2.5,281.5,79.91386,-24.09346,373.00
2022-11-10 06:00:00,2022,10,11,6,-35.0,-25.1,70.6,3.7,281.8,79.91388,-24.09350,373.00
2022-11-10 07:00:00,2022,10,11,7,-35.0,-26.37,65.2,5.9,275.9,79.91386,-24.09332,373.00
2022-11-10 08:00:00,2022,10,11,8,-35.0,-26.35,63.6,6.7,280.6,79.91386,-24.09330,373.00
2022-11-10 09:00:00,2022,10,11,9,-35.0,-27.57,63.5,7.5,285.0,79.91388,-24.09341,373.00
2022-11-10 10:00:00,2022,10,11,10,-35.0,-27.3,61.7,6.8,286.8,79.91387,-24.09331,373.00
2022-11-10 11:00:00,2022,10,11,11,-36.0,-27.95,62.4,6.7,284.6,79.91388,-24.09350,373.00
2022-11-10 12:00:00,2022,10,11,12,-36.0,-27.05,61.5,5.6,297.6,79.91389,-24.09334,373.00
2022-11-10 13:00:00,2022,10,11,13,-36.0,-27.2,60.8,4.5,300.4,79.91388,-24.09347,373.00
2022-11-10 14:00:00,2022,10,11,14,-36.0,-27.5,61.2,5.4,297.4,79.91388,-24.09352,373.00
2022-11-10 15:00:00,2022,10,11,15,-36.0,-26.7,58.4,4.8,300.3,79.91388,-24.09333,373.00
2022-11-10 16:00:00,2022,10,11,16,-37.0,-27.07,59.4,5.0,297.1,79.91388,-24.09346,373.00
2022-11-10 17:00:00,2022,10,11,17,nan,-27.58,58.9,5.3,290.2,79.91387,-24.09341,373.00
2022-11-10 18:00:00,2022,10,11,18,-37.0,-27.03,58.7,5.0,291.9,79.91388,-24.09335,373.00
2022-11-10 19:00:00,2022,10,11,19,-38.0,-27.4,57.9,4.5,285.1,79.91386,-24.09336,373.00
2022-11-10 20:00:00,2022,10,11,20,-38.0,-27.4,57.8,5.3,286.0,79.91387,-24.09353,373.00
2022-11-10 21:00:00,2022,10,11,21,-38.0,-25.98,54.2,3.4,279.3,79.91387,-24.09329,373.00
2022-11-10 22:00:00,2022,10,11,22,-39.0,-25.77,52.9,2.8,269.2,79.91386,-24.09336,373.00
2022-11-10 23:00:00,2022,10,11,23,-39.0,-25.3,52.6,3.0,277.3,79.91389,-24.09334,373.00
2022-11-11 00:00:00,2022,11,11,0,-40.0,-24.97,54.2,2.1,246.1,79.91389,-24.09334,372.99
2022-11-11 01:00:00,2022,11,11,1,-40.0,-25.43,55.5,1.7,222.8,79.91388,-24.09329,372.99
2022-11-11 02:00:00,2022,11,11,2,-40.0,-23.88,51.5,0.9,319.5,79.91389,-24.09341,372.99
2022-11-11 03:00:00,2022,11,11,3,-41.0,-23.65,54.2,0.7,316.1,79.91391,-24.09349,372.99
2022-11-11 04:00:00,2022,11,11,4,-41.0,-24.08,61.2,2.3,254.7,79.91388,-24.09350,372.99
2022-11-11 05:00:00,2022,11,11,5,-41.0,-24.18,61.4,4.7,291.2,79.91387,-24.09342,372.99
2022-11-11 06:00:00,2022,11,11,6,-41.0,-24.1,61.4,2.2,331.6,79.91388,-24.09336,372.99
2022-11-11 07:00:00,2022,11,11,7,-41.0,-22.95,58.6,2.6,334.5,79.91387,-24.09335,372.99
2022-11-11 08:00:00,2022,11,11,8,-41.0,-24.63,58.6,3.2,327.0,79.91387,-24.09344,372.99
2022-11-11 09:00:00,2022,11,11,9,-41.0,-24.18,60.9,3.1,334.3,79.91388,-24.09351,372.99
2022-11-11 10:00:00,2022,11,11,10,-41.0,-23.25,59.8,3.0,325.0,79.91388,-24.09334,372.99
2022-11-11 11:00:00,2022,11,11,11,-41.0,-22.75,61.3,2.2,353.3,79.91389,-24.09338,372.99
2022-11-11 12:00:00,2022,11,11,12,-41.0,-23.92,63.9,3.5,343.1,79.91386,-24.09330,372.99
2022-11-11 13:00:00,2022,11,11,13,-41.0,-24.6,66.0,4.4,1.6,79.91387,-24.09349,372.99
2022-11-11 14:00:00,2022,11,11,14,-41.0,-25.08,67.1,nan,nan,79.91387,-24.09357,372.99
2022-11-11 15:00:00,2022,11,11,15,-41.0,-26.02,71.0,3.9,353.4,79.91387,-24.09346,372.99
2022-11-11 16:00:00,2022,11,11,16,-41.0,-25.42,71.6,5.7,354.2,79.91387,-24.09349,372.99
2022-11-11 17:00:00,2022,11,11,17,-41.0,-25.08,73.2,4.4,357.8,79.91388,-24.09349,372.99
2022-11-11 18:00:00,2022,11,11,18,-41.0,-24.0,69.0,3.8,2.1,79.91388,-24.09332,372.99
2022-11-11 19:00:00,2022,11,11,19,-40.0,-23.28,66.5,4.2,329.3,79.91386,-24.09338,372.99
2022-11-11 20:00:00,2022,11,11,20,-40.0,-21.93,64.3,3.4,336.3,79.91386,-24.09339,372.99
2022-11-11 21:00:00,2022,11,11,21,-40.0,-21.83,65.9,3.1,323.9,79.91387,-24.09351,372.99
2022-11-11 22:00:00,2022,11,11,22,-40.0,-20.65,64.0,1.8,321.5,79.91387,-24.09338,372.99
2022-11-11 23:00:00,2022,11,11,23,-40.0,-19.82,62.6,2.5,342.1,79.91389,-24.09333,372.99
2022-11-12 00:00:00,2022,12,11,0,-40.0,-19.57,62.0,2.7,339.5,79.91388,-24.09332,372.97
2022-11-12 01:00:00,2022,12,11,1,-40.0,-19.02,61.3,2.1,332.4,79.91388,-24.09330,372.97
2022-11-12 02:00:00,2022,12,11,2,-40.0,-18.97,62.3,1.1,335.9,79.91390,-24.09336,372.97
2022-11-12 03:00:00,2022,12,11,3,-40.0,-18.25,60.7,1.1,299.8,79.91391,-24.09344,372.97
2022-11-12 04:00:00,2022,12,11,4,-40.0,-17.72,62.4,2.6,244.9,79.91389,-24.09346,372.97
2022-11-12 05:00:00,2022,12,11,5,-39.0,-18.22,63.5,1.3,211.4,79.91388,-24.09343,372.97
2022-11-12 06:00:00,2022,12,11,6,-40.0,-20.43,67.5,2.2,217.2,79.91389,-24.09338,372.97
2022-11-12 07:00:00,2022,12,11,7,-40.0,-21.87,70.9,3.2,226.4,79.91387,-24.09337,372.97
2022-11-12 08:00:00,2022,12,11,8,-39.0,-22.05,74.2,3.3,219.6,79.91386,-24.09338,372.97
2022-11-12 09:00:00,2022,12,11,9,-39.0,-22.42,76.8,3.7,220.4,79.91389,-24.09347,372.97
2022-11-12 10:00:00,2022,12,11,10,-39.0,-22.2,79.4,4.0,197.3,79.91388,-24.09334,372.97
2022-11-12 11:00:00,2022,12,11,11,-39.0,-22.05,79.9,3.3,214.7,79.91388,-24.09351,372.97
2022-11-12 12:00:00,2022,12,11,12,-39.0,-22.35,80.0,3.4,208.5,79.91389,-24.09324,372.97
2022-11-12 13:00:00,2022,12,11,13,-39.0,-22.22,79.9,3.2,203.4,79.91388,-24.09347,372.97
2022-11-12 14:00:00,2022,12,11,14,-39.0,-22.4,80.6,4.7,212.6,79.91389,-24.09356,372.97
2022-11-12 15:00:00,2022,12,11,15,-39.0,-22.3,79.8,4.3,211.8,79.91389,-24.09348,372.97
2022-11-12 16:00:00,2022,12,11,16,-39.0,-22.48,78.8,2.7,221.4,79.91387,-24.09344,372.97
2022-11-12 17:00:00,2022,12,11,17,-39.0,-22.2,76.0,1.9,263.8,79.91386,-24.09352,372.97
2022-11-12 18:00:00,2022,12,11,18,-39.0,-22.18,77.4,1.6,248.6,79.91388,-24.09333,372.97
2022-11-12 19:00:00,2022,12,11,19,-39.0,-21.93,77.2,1.0,259.8,79.91385,-24.09332,372.97
2022-11-12 20:00:00,2022,12,11,20,-39.0,-21.8,76.7,1.1,241.6,79.91387,-24.09341,372.97
2022-11-12 21:00:00,2022,12,11,21,-38.0,-21.28,74.7,0.8,296.1,79.91389,-24.09354,372.97
2022-11-12 22:00:00,2022,12,11,22,-38.0,-21.13,75.0,0.5,342.0,79.91386,-24.09341,372.97
2022-11-12 23:00:00,2022,12,11,23,-38.0,-21.3,76.9,0.8,337.4,79.91388,-24.09332,372.97
2022-11-13 00:00:00,2022,13,11,0,-38.0,-21.03,77.0,0.9,337.6,79.91388,-24.09343,372.95
2022-11-13 01:00:00,2022,13,11,1,-38.0,-20.5,76.1,0.8,335.4,79.91387,-24.09338,372.95
2022-11-13 02:00:00,2022,13,11,2,-38.0,-19.88,74.0,0.9,6.6,79.91388,-24.09345,372.95
2022-11-13 03:00:00,2022,13,11,3,-38.0,-19.5,71.0,1.4,355.6,79.91388,-24.09338,372.95
2022-11-13 04:00:00,2022,13,11,4,-37.0,-17.47,68.1,1.4,5.9,79.91388,-24.09353,372.95
2022-11-13 05:00:00,2022,13,11,5,-37.0,-16.32,67.5,1.4,331.3,79.91386,-24.09358,372.95
2022-11-13 06:00:00,2022,13,11,6,-37.0,-14.87,65.3,1.0,349.8,79.91388,-24.09348,372.95
2022-11-13 07:00:00,2022,13,11,7,-36.0,-13.45,61.9,1.5,57.3,79.91387,-24.09336,372.95
2022-11-13 08:00:00,2022,13,11,8,-35.0,-12.53,60.5,1.2,140.8,79.91387,-24.09344,372.95
2022-11-13 09:00:00,2022,13,11,9,-35.0,-12.32,59.7,1.9,14.0,79.91387,-24.09345,372.95
2022-11-13 10:00:00,2022,13,11,10,-35.0,-12.15,59.9,2.0,13.6,79.91388,-24.09341,372.95
2022-11-13 11:00:00,2022,13,11,11,-35.0,-11.75,58.9,1.7,16.2,79.91388,-24.09336,372.95
2022-11-13 12:00:00,2022,13,11,12,-34.0,-11.77,58.2,2.8,11.2,79.91389,-24.09348,372.95
2022-11-13 13:00:00,2022,13,11,13,-34.0,-11.45,57.4,4.4,346.0,79.91388,-24.09344,372.95
2022-11-13 14:00:00,2022,13,11,14,-34.0,-11.67,56.9,3.6,351.9,79.91390,-24.09341,372.95
2022-11-13 15:00:00,2022,13,11,15,-34.0,-12.05,58.0,6.0,321.3,79.91389,-24.09337,372.95
2022-11-13 16:00:00,2022,13,11,16,-34.0,-12.12,56.2,4.0,304.9,79.91387,-24.09343,372.95
2022-11-13 17:00:00,2022,13,11,17,-35.0,-12.95,58.2,4.6,307.4,79.91387,-24.09317,372.95
2022-11-13 18:00:00,2022,13,11,18,-35.0,-14.37,61.4,6.9,286.0,79.91388,-24.09332,372.95
2022-11-13 19:00:00,2022,13,11,19,-35.0,-14.37,61.3,6.8,282.3,79.91385,-24.09337,372.95
2022-11-13 20:00:00,2022,13,11,20,-35.0,-14.33,60.9,3.8,281.5,79.91387,-24.09333,372.95
2022-11-13 21:00:00,2022,13,11,21,-36.0,-15.58,64.5,2.7,230.5,79.91389,-24.09349,372.95
2022-11-13 22:00:00,2022,13,11,22,-37.0,-16.7,67.7,2.0,212.6,79.91387,-24.09339,372.95
2022-11-13 23:00:00,2022,13,11,23,-38.0,-17.38,70.8,3.7,219.7,79.91388,-24.09327,372.95
2022-11-14 00:00:00,2022,14,11,0,-39.0,-17.88,74.0,6.1,216.7,79.91389,-24.09349,372.94
2022-11-14 01:00:00,2022,14,11,1,-39.0,-17.28,72.2,7.4,207.5,79.91386,-24.09344,372.94
2022-11-14 02:00:00,2022,14,11,2,-40.0,-16.95,72.4,7.6,210.4,79.91387,-24.09340,372.94
2022-11-14 03:00:00,2022,14,11,3,-39.0,-15.92,72.7,2.8,341.3,79.91389,-24.09351,372.94
2022-11-14 04:00:00,2022,14,11,4,-39.0,-9.88,63.2,5.9,2.6,79.91387,-24.09348,372.94
2022-11-14 05:00:00,2022,14,11,5,-38.0,-11.47,67.0,4.7,349.8,79.91387,-24.09346,372.94
2022-11-14 06:00:00,2022,14,11,6,-38.0,-9.15,57.4,2.4,33.1,79.91388,-24.09341,372.94
2022-11-14 07:00:00,2022,14,11,7,-37.0,-7.633,54.8,5.2,0.0,79.91386,-24.09336,372.94
2022-11-14 08:00:00,2022,14,11,8,-37.0,-9.0,63.5,8.9,306.4,79.91386,-24.09338,372.94
2022-11-14 09:00:00,2022,14,11,9,-37.0,-10.1,65.6,11.5,293.8,79.91386,-24.09338,372.94
2022-11-14 10:00:00,2022,14,11,10,-37.0,-8.73,59.0,10.9,292.8,79.91387,-24.09333,372.94
2022-11-14 11:00:00,2022,14,11,11,-37.0,-7.5,55.9,8.8,301.7,79.91388,-24.09346,372.94
2022-11-14 12:00:00,2022,14,11,12,-37.0,-7.633,57.4,6.1,301.6,79.91389,-24.09329,372.94
2022-11-14 13:00:00,2022,14,11,13,-37.0,-10.13,61.2,6.5,289.6,79.91388,-24.09344,372.94
2022-11-14 14:00:00,2022,14,11,14,-37.0,-10.6,58.3,4.7,312.0,79.91388,-24.09350,372.94
2022-11-14 15:00:00,2022,14,11,15,-37.0,-12.0,58.6,5.4,293.0,79.91387,-24.09352,372.94
2022-11-14 16:00:00,2022,14,11,16,-37.0,-12.92,59.6,6.9,289.6,79.91386,-24.09336,372.94
2022-11-14 17:00:00,2022,14,11,17,-37.0,-14.33,61.5,8.5,285.5,79.91389,-24.09338,372.94
2022-11-14 18:00:00,2022,14,11,18,-37.0,-14.75,61.6,9.2,287.7,79.91388,-24.09334,372.94
2022-11-14 19:00:00,2022,14,11,19,-37.0,-13.4,58.2,6.8,303.5,79.91386,-24.09337,372.94
2022-11-14 20:00:00,2022,14,11,20,-37.0,-13.47,59.3,5.1,311.6,79.91388,-24.09336,372.94
2022-11-14 21:00:00,2022,14,11,21,-36.0,-14.73,61.6,3.0,330.8,79.91388,-24.09342,372.94
2022-11-14 22:00:00,2022,14,11,22,-37.0,-16.37,65.5,2.1,315.2,79.91386,-24.09339,372.94
2022-11-14 23:00:00,2022,14,11,23,-37.0,-17.55,70.0,2.5,310.7,79.91387,-24.09321,372.94
2022-11-15 00:00:00,2022,15,11,0,-37.0,-19.02,75.4,3.6,335.2,79.91388,-24.09340,372.92
2022-11-15 01:00:00,2022,15,11,1,-38.0,-21.12,82.2,5.0,337.6,79.91387,-24.09338,372.92
2022-11-15 02:00:00,2022,15,11,2,-38.0,-22.42,83.2,4.7,327.0,79.91386,-24.09337,372.92
2022-11-15 03:00:00,2022,15,11,3,-39.0,-22.58,83.8,4.9,330.9,79.91390,-24.09345,372.92
2022-11-15 04:00:00,2022,15,11,4,-39.0,-22.13,82.0,3.7,355.9,79.91388,-24.09342,372.92
2022-11-15 05:00:00,2022,15,11,5,-40.0,-22.5,81.7,5.9,359.4,79.91385,-24.09346,372.92
2022-11-15 06:00:00,2022,15,11,6,-40.0,-23.23,81.1,3.7,7.9,79.91388,-24.09342,372.92
2022-11-15 07:00:00,2022,15,11,7,-41.0,-23.27,80.5,3.7,1.8,79.91387,-24.09339,372.92
2022-11-15 08:00:00,2022,15,11,8,-42.0,-23.22,81.0,4.1,350.2,79.91389,-24.09338,372.92
2022-11-15 09:00:00,2022,15,11,9,-43.0,-23.08,81.1,3.6,344.3,79.91386,-24.09338,372.92
2022-11-15 10:00:00,2022,15,11,10,-44.0,-23.02,80.9,3.0,343.9,79.91388,-24.09341,372.92
2022-11-15 11:00:00,2022,15,11,11,-45.0,-23.0,81.0,3.0,336.4,79.91388,-24.09347,372.92
2022-11-15 12:00:00,2022,15,11,12,-46.0,-22.9,80.7,2.2,346.0,79.91389,-24.09340,372.92
2022-11-15 13:00:00,2022,15,11,13,-47.0,-22.65,81.1,1.0,272.4,79.91389,-24.09324,372.92
2022-11-15 14:00:00,2022,15,11,14,-48.0,-22.2,81.0,0.6,237.6,79.91389,-24.09340,372.92
2022-11-15 15:00:00,2022,15,11,15,-49.0,-22.63,80.8,1.1,44.3,79.91388,-24.09335,372.92
2022-11-15 16:00:00,2022,15,11,16,-50.0,-22.92,80.9,2.8,347.2,79.91387,-24.09340,372.92
2022-11-15 17:00:00,2022,15,11,17,-51.0,-22.77,80.7,2.6,338.5,79.91387,-24.09337,372.92
2022-11-15 18:00:00,2022,15,11,18,-52.0,-23.0,80.2,2.5,350.1,79.91387,-24.09353,372.92
2022-11-15 19:00:00,2022,15,11,19,-52.0,-23.02,80.1,2.4,341.9,79.91385,-24.09334,372.92
2022-11-15 20:00:00,2022,15,11,20,-53.0,-23.52,79.7,3.4,340.2,79.91388,-24.09338,372.92
2022-11-15 21:00:00,2022,15,11,21,-53.0,-24.02,79.3,5.3,346.4,79.91389,-24.09344,372.92
2022-11-15 22:00:00,2022,15,11,22,-52.0,-24.47,79.2,4.9,10.8,79.91388,-24.09337,372.92
2022-11-15 23:00:00,2022,15,11,23,-52.0,-24.0,79.3,5.0,20.4,79.91388,-24.09332,372.92
2022-11-16 00:00:00,2022,16,11,0,-51.0,-24.1,79.4,4.8,3.1,79.91389,-24.09338,372.90
2022-11-16 01:00:00,2022,16,11,1,-50.0,-24.0,79.6,4.6,346.8,79.91387,-24.09339,372.90
2022-11-16 02:00:00,2022,16,11,2,-49.0,-23.67,79.6,3.8,352.0,79.91389,-24.09322,372.90
2022-11-16 03:00:00,2022,16,11,3,-49.0,-23.37,79.8,4.3,346.8,79.91389,-24.09333,372.90
2022-11-16 04:00:00,2022,16,11,4,-48.0,-21.12,80.9,6.7,345.9,79.91388,-24.09340,372.90
2022-11-16 05:00:00,2022,16,11,5,-47.0,-20.45,79.0,7.5,340.4,79.91389,-24.09343,372.90
2022-11-16 06:00:00,2022,16,11,6,-46.0,-20.32,71.0,8.7,329.0,79.91388,-24.09340,372.90
2022-11-16 07:00:00,2022,16,11,7,-45.0,-19.95,65.3,9.8,331.4,79.91388,-24.09336,372.90
2022-11-16 08:00:00,2022,16,11,8,-44.0,-20.27,62.2,9.2,330.5,79.91389,-24.09339,372.90
2022-11-16 09:00:00,2022,16,11,9,-44.0,-20.53,59.6,7.7,321.1,79.91387,-24.09343,372.90
2022-11-16 10:00:00,2022,16,11,10,-43.0,-20.42,60.2,9.1,320.8,79.91388,-24.09347,372.90
2022-11-16 11:00:00,2022,16,11,11,-42.0,-20.13,58.1,8.1,316.1,79.91388,-24.09338,372.90
2022-11-16 12:00:00,2022,16,11,12,-41.0,-20.25,57.0,8.1,312.6,79.91389,-24.09348,372.90
2022-11-16 13:00:00,2022,16,11,13,-40.0,-20.18,56.5,7.6,320.7,79.91388,-24.09339,372.90
2022-11-16 14:00:00,2022,16,11,14,-39.0,-20.88,58.0,7.0,309.4,79.91392,-24.09338,372.90
2022-11-16 15:00:00,2022,16,11,15,-39.0,-21.28,57.2,7.8,299.6,79.91388,-24.09339,372.90
2022-11-16 16:00:00,2022,16,11,16,-38.0,-20.53,56.6,4.3,346.1,79.91389,-24.09340,372.90
2022-11-16 17:00:00,2022,16,11,17,-38.0,-21.88,58.6,3.5,306.1,79.91387,-24.09345,372.90
2022-11-16 18:00:00,2022,16,11,18,-37.0,-23.32,60.9,5.6,287.5,79.91388,-24.09327,372.90
2022-11-16 19:00:00,2022,16,11,19,-37.0,-23.77,61.6,5.8,283.1,79.91385,-24.09349,372.90
2022-11-16 20:00:00,2022,16,11,20,-36.0,-23.38,59.9,5.6,281.3,79.91388,-24.09333,372.90
2022-11-16 21:00:00,2022,16,11,21,-36.0,-22.68,58.1,4.0,276.1,79.91389,-24.09342,372.90
2022-11-16 22:00:00,2022,16,11,22,-35.0,-22.75,58.6,2.6,262.3,79.91386,-24.09343,372.90
2022-11-16 23:00:00,2022,16,11,23,-35.0,-23.43,60.6,2.9,256.5,79.91388,-24.09338,372.90
2022-11-17 00:00:00,2022,17,11,0,-35.0,-23.43,62.4,1.8,238.8,79.91388,-24.09348,372.89
2022-11-17 01:00:00,2022,17,11,1,-35.0,-23.93,66.4,2.1,233.8,79.91388,-24.09343,372.89
2022-11-17 02:00:00,2022,17,11,2,-34.0,-23.83,67.1,0.8,220.3,79.91388,-24.09336,372.89
2022-11-17 03:00:00,2022,17,11,3,-34.0,-23.78,70.0,1.4,217.7,79.91388,-24.09341,372.89
2022-11-17 04:00:00,2022,17,11,4,nan,-23.98,73.2,2.4,171.0,79.91388,-24.09350,372.89
2022-11-17 05:00:00,2022,17,11,5,-34.0,-24.07,75.5,1.2,180.4,79.91388,-24.09343,372.89
2022-11-17 06:00:00,2022,17,11,6,-34.0,-25.12,78.1,1.3,204.2,79.91389,-24.09341,372.89
2022-11-17 07:00:00,2022,17,11,7,-35.0,-24.98,79.5,2.6,200.7,79.91388,-24.09341,372.89
2022-11-17 08:00:00,2022,17,11,8,-35.0,-25.18,80.1,2.0,172.4,79.91387,-24.09338,372.89
2022-11-17 09:00:00,2022,17,11,9,-35.0,-23.72,80.0,4.7,195.4,79.91388,-24.09340,372.89
2022-11-17 10:00:00,2022,17,11,10,-36.0,-23.25,79.1,6.5,201.5,79.91388,-24.09340,372.89
2022-11-17 11:00:00,2022,17,11,11,-36.0,-23.27,78.8,7.6,200.5,79.91388,-24.09353,372.89
2022-11-17 12:00:00,2022,17,11,12,-37.0,-23.35,79.3,7.6,200.6,79.91389,-24.09344,372.89
2022-11-17 13:00:00,2022,17,11,13,-37.0,-22.72,79.5,7.9,195.9,79.91386,-24.09336,372.89
2022-11-17 14:00:00,2022,17,11,14,-38.0,-22.68,79.8,8.7,202.4,79.91390,-24.09330,372.89
2022-11-17 15:00:00,2022,17,11,15,-39.0,-22.45,79.1,8.1,202.2,79.91388,-24.09328,372.89
2022-11-17 16:00:00,2022,17,11,16,-39.0,-22.17,77.6,8.0,204.0,79.91388,-24.09335,372.89
2022-11-17 17:00:00,2022,17,11,17,-40.0,-21.85,78.6,6.9,198.9,79.91387,-24.09342,372.89
2022-11-17 18:00:00,2022,17,11,18,-41.0,-22.03,79.5,6.6,205.3,79.91388,-24.09343,372.89
2022-11-17 19:00:00,2022,17,11,19,-42.0,-21.68,79.3,5.2,208.8,79.91386,-24.09341,372.89
2022-11-17 20:00:00,2022,17,11,20,-43.0,-21.82,77.2,4.7,227.9,79.91387,-24.09353,372.89
2022-11-17 21:00:00,2022,17,11,21,-44.0,-20.82,73.9,4.7,231.6,79.91389,-24.09344,372.89
2022-11-17 22:00:00,2022,17,11,22,-45.0,-20.22,75.3,2.4,198.6,79.91388,-24.09338,372.89
2022-11-17 23:00:00,2022,17,11,23,-46.0,-20.18,77.4,2.8,194.2,79.91388,-24.09334,372.89
2022-11-18 00:00:00,2022,18,11,0,-46.0,-20.47,81.0,1.4,185.2,79.91388,-24.09338,372.87
2022-11-18 01:00:00,2022,18,11,1,-47.0,-20.33,80.4,0.8,248.1,79.91388,-24.09340,372.87
2022-11-18 02:00:00,2022,18,11,2,-47.0,-20.02,78.7,0.7,349.9,79.91388,-24.09326,372.87
2022-11-18 03:00:00,2022,18,11,3,-47.0,-20.02,79.2,1.5,352.2,79.91390,-24.09336,372.87
2022-11-18 04:00:00,2022,18,11,4,-47.0,-19.62,79.3,4.1,344.4,79.91388,-24.09339,372.87
2022-11-18 05:00:00,2022,18,11,5,-46.0,-19.07,78.0,6.2,338.3,79.91386,-24.09345,372.87
2022-11-18 06:00:00,2022,18,11,6,-46.0,-18.7,74.6,5.6,338.1,79.91388,-24.09353,372.87
2022-11-18 07:00:00,2022,18,11,7,-46.0,-19.18,66.3,7.8,320.4,79.91388,-24.09345,372.87
2022-11-18 08:00:00,2022,18,11,8,-45.0,-20.58,66.7,9.1,318.1,79.91388,-24.09332,372.87
2022-11-18 09:00:00,2022,18,11,9,-44.0,-20.53,66.8,7.6,320.9,79.91387,-24.09334,372.87
2022-11-18 10:00:00,2022,18,11,10,-44.0,-19.75,66.9,6.0,336.1,79.91387,-24.09345,372.87
2022-11-18 11:00:00,2022,18,11,11,-44.0,-20.4,59.1,5.8,337.5,79.91389,-24.09327,372.87
2022-11-18 12:00:00,2022,18,11,12,-43.0,-20.97,61.1,4.9,338.0,79.91390,-24.09341,372.87
2022-11-18 13:00:00,2022,18,11,13,-43.0,-21.23,63.7,3.3,353.6,79.91389,-24.09329,372.87
2022-11-18 14:00:00,2022,18,11,14,-43.0,-21.52,67.7,2.8,321.4,79.91390,-24.09333,372.87
2022-11-18 15:00:00,2022,18,11,15,-43.0,-22.05,82.8,3.0,305.4,79.91389,-24.09338,372.87
2022-11-18 16:00:00,2022,18,11,16,-42.0,-22.05,80.4,2.7,272.9,79.91389,-24.09341,372.87
2022-11-18 17:00:00,2022,18,11,17,-42.0,-22.62,76.7,3.0,259.7,79.91387,-24.09339,372.87
2022-11-18 18:00:00,2022,18,11,18,-42.0,-21.85,66.4,2.6,268.6,79.91388,-24.09338,372.87
2022-11-18 19:00:00,2022,18,11,19,-42.0,-21.92,65.1,0.9,270.1,79.91386,-24.09332,372.87
2022-11-18 20:00:00,2022,18,11,20,-42.0,-22.3,72.0,1.2,332.3,79.91388,-24.09325,372.87
2022-11-18 21:00:00,2022,18,11,21,-41.0,-22.93,83.2,1.4,329.6,79.91387,-24.09342,372.87
2022-11-18 22:00:00,2022,18,11,22,-41.0,-23.18,79.9,0.9,328.9,79.91387,-24.09345,372.87
2022-11-18 23:00:00,2022,18,11,23,-40.0,-23.72,79.7,1.1,315.1,79.91385,-24.09331,372.87
2022-11-19 00:00:00,2022,19,11,0,-40.0,-21.55,81.0,2.0,286.0,79.91386,-24.09340,372.85
2022-11-19 01:00:00,2022,19,11,1,-40.0,-22.65,80.0,1.2,283.5,79.91388,-24.09344,372.85
2022-11-19 02:00:00,2022,19,11,2,-40.0,-21.33,81.2,0.7,321.7,79.91386,-24.09320,372.85
2022-11-19 03:00:00,2022,19,11,3,-40.0,-20.42,81.6,1.5,250.8,79.91389,-24.09334,372.85
2022-11-19 04:00:00,2022,19,11,4,-40.0,-18.83,82.1,1.1,280.5,79.91386,-24.09335,372.85
2022-11-19 05:00:00,2022,19,11,5,-40.0,-20.35,77.5,1.2,212.0,79.91388,-24.09337,372.85
2022-11-19 06:00:00,2022,19,11,6,-40.0,-22.78,77.2,1.3,216.5,79.91386,-24.09350,372.85
2022-11-19 07:00:00,2022,19,11,7,-40.0,-24.02,79.6,2.4,220.3,79.91387,-24.09336,372.85
2022-11-19 08:00:00,2022,19,11,8,-41.0,-24.15,81.2,3.1,193.1,79.91388,-24.09329,372.85
2022-11-19 09:00:00,2022,19,11,9,-41.0,-23.85,80.2,3.5,190.5,79.91386,-24.09337,372.85
2022-11-19 10:00:00,2022,19,11,10,-41.0,-24.15,80.0,3.6,193.1,79.91388,-24.09343,372.85
2022-11-19 11:00:00,2022,19,11,11,-41.0,-24.22,79.9,4.8,200.1,79.91389,-24.09329,372.85
2022-11-19 12:00:00,2022,19,11,12,-41.0,-24.37,79.4,3.8,207.0,79.91389,-24.09343,372.85
2022-11-19 13:00:00,2022,19,11,13,-42.0,-24.47,79.3,2.8,201.3,79.91387,-24.09338,372.85
2022-11-19 14:00:00,2022,19,11,14,-42.0,-24.55,79.2,3.5,198.9,79.91390,-24.09336,372.85
2022-11-19 15:00:00,2022,19,11,15,-43.0,-24.67,79.0,3.3,193.4,79.91389,-24.09345,372.85
2022-11-19 16:00:00,2022,19,11,16,-43.0,-24.87,79.0,4.0,197.8,79.91388,-24.09341,372.85
2022-11-19 17:00:00,2022,19,11,17,-43.0,-24.67,79.1,5.0,200.9,79.91390,-24.09345,372.85
2022-11-19 18:00:00,2022,19,11,18,-43.0,-24.63,79.0,3.9,192.9,79.91387,-24.09334,372.85
2022-11-19 19:00:00,2022,19,11,19,-44.0,-24.22,79.3,3.7,183.8,79.91389,-24.09339,372.85
2022-11-19 20:00:00,2022,19,11,20,-44.0,-24.18,79.3,3.6,184.2,79.91389,-24.09335,372.85
2022-11-19 21:00:00,2022,19,11,21,-45.0,-24.18,79.3,5.2,196.6,79.91388,-24.09342,372.85
2022-11-19 22:00:00,2022,19,11,22,-44.0,-24.38,79.2,5.5,200.3,79.91387,-24.09338,372.85
2022-11-19 23:00:00,2022,19,11,23,-45.0,-24.67,79.0,5.2,203.6,79.91387,-24.09326,372.85
2022-11-20 00:00:00,2022,20,11,0,-45.0,-24.83,79.0,5.2,205.9,79.91388,-24.09335,372.84
2022-11-20 01:00:00,2022,20,11,1,-45.0,-24.08,79.5,6.2,212.8,79.91386,-24.09344,372.84
2022-11-20 02:00:00,2022,20,11,2,-45.0,-23.63,79.6,4.0,215.3,79.91387,-24.09350,372.84
2022-11-20 03:00:00,2022,20,11,3,-46.0,-22.77,80.3,3.9,219.9,79.91389,-24.09332,372.84
2022-11-20 04:00:00,2022,20,11,4,-45.0,-17.33,83.9,3.5,260.0,79.91387,-24.09336,372.84
2022-11-20 05:00:00,2022,20,11,5,-45.0,-20.95,78.5,3.5,1.2,79.91387,-24.09342,372.84
2022-11-20 06:00:00,2022,20,11,6,-45.0,-21.1,77.2,2.8,341.8,79.91388,-24.09341,372.84
2022-11-20 07:00:00,2022,20,11,7,-44.0,-20.18,73.5,2.3,348.2,79.91388,-24.09337,372.84
2022-11-20 08:00:00,2022,20,11,8,-43.0,-23.88,75.3,3.7,338.6,79.91388,-24.09334,372.84
2022-11-20 09:00:00,2022,20,11,9,-43.0,-24.73,78.4,nan,nan,79.91386,-24.09335,372.84
2022-11-20 10:00:00,2022,20,11,10,-42.0,-24.4,77.5,5.6,350.0,79.91388,-24.09346,372.84
2022-11-20 11:00:00,2022,20,11,11,-41.0,-24.17,76.8,5.8,349.2,79.91390,-24.09335,372.84
2022-11-20 12:00:00,2022,20,11,12,-41.0,-24.33,77.5,6.2,346.6,79.91389,-24.09337,372.84
2022-11-20 13:00:00,2022,20,11,13,-40.0,-23.87,77.1,4.6,337.9,79.91388,-24.09328,372.84
2022-11-20 14:00:00,2022,20,11,14,-39.0,-22.55,75.1,4.0,321.2,79.91391,-24.09334,372.84
2022-11-20 15:00:00,2022,20,11,15,-39.0,-21.83,73.8,4.4,325.7,79.91388,-24.09347,372.84
2022-11-20 16:00:00,2022,20,11,16,-38.0,-18.98,70.7,3.1,329.6,79.91388,-24.09342,372.84
2022-11-20 17:00:00,2022,20,11,17,-38.0,-17.18,67.1,2.5,337.7,79.91385,-24.09347,372.84
2022-11-20 18:00:00,2022,20,11,18,-37.0,-16.78,68.0,0.9,330.9,79.91387,-24.09344,372.84
2022-11-20 19:00:00,2022,20,11,19,-37.0,-18.25,70.3,1.3,287.8,79.91387,-24.09339,372.84
2022-11-20 20:00:00,2022,20,11,20,-37.0,-19.83,73.3,1.1,219.6,79.91388,-24.09332,372.84
2022-11-20 21:00:00,2022,20,11,21,-37.0,-20.32,74.4,3.8,234.2,79.91388,-24.09340,372.84
2022-11-20 22:00:00,2022,20,11,22,-37.0,-21.17,76.3,4.3,214.3,79.91388,-24.09336,372.84
2022-11-20 23:00:00,2022,20,11,23,-37.0,-21.02,77.6,4.9,205.7,79.91387,-24.09332,372.84
2022-11-21 00:00:00,2022,21,11,0,-37.0,-21.73,78.7,5.3,202.4,79.91388,-24.09331,372.82
2022-11-21 01:00:00,2022,21,11,1,-37.0,-22.33,79.6,7.5,202.5,79.91389,-24.09347,372.82
2022-11-21 02:00:00,2022,21,11,2,-37.0,-23.2,79.5,6.0,199.2,79.91388,-24.09363,372.82
2022-11-21 03:00:00,2022,21,11,3,-37.0,-22.0,79.8,7.1,204.4,79.91388,-24.09333,372.82
2022-11-21 04:00:00,2022,21,11,4,-37.0,-21.52,78.7,6.4,202.4,79.91388,-24.09336,372.82
2022-11-21 05:00:00,2022,21,11,5,-38.0,-21.75,78.6,7.2,199.1,79.91388,-24.09341,372.82
2022-11-21 06:00:00,2022,21,11,6,-38.0,-22.57,79.9,5.8,199.7,79.91387,-24.09353,372.82
2022-11-21 07:00:00,2022,21,11,7,-39.0,-22.92,80.2,6.3,198.8,79.91387,-24.09343,372.82
2022-11-21 08:00:00,2022,21,11,8,-39.0,-22.88,79.8,6.2,208.8,79.91386,-24.09332,372.82
2022-11-21 09:00:00,2022,21,11,9,-39.0,-23.37,79.6,6.1,199.9,79.91386,-24.09332,372.82
2022-11-21 10:00:00,2022,21,11,10,-40.0,-23.32,80.2,5.2,191.9,79.91388,-24.09348,372.82
2022-11-21 11:00:00,2022,21,11,11,-40.0,-23.55,79.2,6.2,206.9,79.91389,-24.09332,372.82
2022-11-21 12:00:00,2022,21,11,12,-41.0,-23.87,79.7,6.6,205.0,79.91389,-24.09336,372.82
2022-11-21 13:00:00,2022,21,11,13,-41.0,-23.62,79.4,6.9,205.1,79.91388,-24.09343,372.82
2022-11-21 14:00:00,2022,21,11,14,-41.0,-23.45,79.8,6.5,206.2,79.91388,-24.09345,372.82
2022-11-21 15:00:00,2022,21,11,15,-42.0,-23.27,80.0,6.2,209.1,79.91387,-24.09337,372.82
2022-11-21 16:00:00,2022,21,11,16,-42.0,-23.33,80.0,3.9,200.3,79.91385,-24.09341,372.82
2022-11-21 17:00:00,2022,21,11,17,-42.0,-23.18,80.0,3.7,202.9,79.91391,-24.09350,372.82
2022-11-21 18:00:00,2022,21,11,18,-42.0,-22.25,79.7,4.1,218.9,79.91386,-24.09348,372.82
2022-11-21 19:00:00,2022,21,11,19,-42.0,-21.12,78.6,2.8,214.5,79.91388,-24.09340,372.82
2022-11-21 20:00:00,2022,21,11,20,-41.0,-20.47,76.0,0.6,337.4,79.91387,-24.09333,372.82
2022-11-21 21:00:00,2022,21,11,21,nan,,nan,nan,nan,79.91388,-24.09328,372.82
2022-11-21 22:00:00,2022,21,11,22,-40.0,-21.28,74.9,4.0,342.4,nan,nan,372.82
2022-11-21 23:00:00,2022,21,11,23,-40.0,-23.03,76.6,5.2,354.9,79.91387,-24.09329,372.82
2022-11-22 00:00:00,2022,22,11,0,-40.0,-23.58,77.4,5.6,348.5,79.91387,-24.09325,372.80
2022-11-22 01:00:00,2022,22,11,1,-39.0,-24.6,78.2,6.0,353.8,79.91388,-24.09337,372.80
2022-11-22 02:00:00,2022,22,11,2,-39.0,-25.32,78.8,5.3,329.1,79.91389,-24.09357,372.80
2022-11-22 03:00:00,2022,22,11,3,-39.0,-25.2,79.0,6.0,333.4,79.91388,-24.09332,372.80
2022-11-22 04:00:00,2022,22,11,4,-39.0,-25.02,79.2,5.3,326.2,79.91386,-24.09345,372.80
2022-11-22 05:00:00,2022,22,11,5,-39.0,-25.42,78.9,5.2,325.9,79.91388,-24.09347,372.80
2022-11-22 06:00:00,2022,22,11,6,-39.0,-25.48,78.7,4.9,350.7,79.91387,-24.09344,372.80
2022-11-22 07:00:00,2022,22,11,7,-39.0,-25.8,78.7,4.4,339.4,79.91387,-24.09337,372.80
2022-11-22 08:00:00,2022,22,11,8,-38.0,-24.93,78.9,4.4,343.4,79.91388,-24.09337,372.80
2022-11-22 09:00:00,2022,22,11,9,-38.0,-24.9,78.9,4.7,347.9,79.91387,-24.09333,372.80
2022-11-22 10:00:00,2022,22,11,10,-38.0,-24.55,79.3,3.9,9.9,79.91388,-24.09348,372.80
2022-11-22 11:00:00,2022,22,11,11,-37.0,-24.33,79.3,4.4,5.3,79.91389,-24.09333,372.80
2022-11-22 12:00:00,2022,22,11,12,-37.0,-24.1,79.3,5.4,3.7,79.91390,-24.09352,372.80
2022-11-22 13:00:00,2022,22,11,13,-37.0,-25.23,78.8,5.3,349.3,79.91389,-24.09348,372.80
2022-11-22 14:00:00,2022,22,11,14,-37.0,-25.53,78.6,4.7,357.1,79.91388,-24.09340,372.80
2022-11-22 15:00:00,2022,22,11,15,-37.0,-25.63,78.6,5.0,351.3,79.91387,-24.09343,372.80
2022-11-22 16:00:00,2022,22,11,16,-36.0,-26.12,78.4,5.4,342.9,79.91388,-24.09342,372.80
2022-11-22 17:00:00,2022,22,11,17,-36.0,-26.32,78.3,5.5,341.9,79.91386,-24.09337,372.80
2022-11-22 18:00:00,2022,22,11,18,-36.0,-26.57,78.2,4.6,341.8,79.91387,-24.09345,372.80
2022-11-22 19:00:00,2022,22,11,19,-35.0,-27.27,77.8,3.9,333.6,79.91388,-24.09334,372.80
2022-11-22 20:00:00,2022,22,11,20,-35.0,-27.25,77.8,3.3,336.8,79.91388,-24.09332,372.80
2022-11-22 21:00:00,2022,22,11,21,-35.0,-27.2,77.8,3.2,319.6,79.91387,-24.09333,372.80
2022-11-22 22:00:00,2022,22,11,22,-35.0,-26.93,78.0,2.7,305.3,79.91388,-24.09333,372.80
2022-11-22 23:00:00,2022,22,11,23,-35.0,-26.3,78.3,0.9,5.8,79.91387,-24.09325,372.80
2022-11-23 00:00:00,2022,23,11,0,-35.0,-26.87,77.8,1.7,266.5,79.91388,-24.09328,372.79
2022-11-23 01:00:00,2022,23,11,1,-34.0,-26.63,77.9,1.6,325.1,79.91389,-24.09332,372.79
2022-11-23 02:00:00,2022,23,11,2,-34.0,-27.48,77.6,1.3,254.5,79.91389,-24.09344,372.79
2022-11-23 03:00:00,2022,23,11,3,-34.0,-26.68,78.0,1.7,259.2,79.91388,-24.09342,372.79
2022-11-23 04:00:00,2022,23,11,4,-34.0,-26.77,77.9,1.1,270.3,79.91388,-24.09345,372.79
2022-11-23 05:00:00,2022,23,11,5,-33.0,-26.8,78.0,1.1,234.7,79.91388,-24.09344,372.79
2022-11-23 06:00:00,2022,23,11,6,-33.0,-27.05,77.9,2.2,251.0,79.91388,-24.09343,372.79
2022-11-23 07:00:00,2022,23,11,7,-33.0,-26.9,78.1,0.7,323.5,79.91387,-24.09343,372.79
2022-11-23 08:00:00,2022,23,11,8,-32.0,-26.73,78.0,1.6,268.9,79.91388,-24.09342,372.79
2022-11-23 09:00:00,2022,23,11,9,-32.0,-26.93,78.0,1.1,248.1,79.91387,-24.09329,372.79
2022-11-23 10:00:00,2022,23,11,10,-32.0,-26.72,78.1,1.5,233.0,79.91387,-24.09350,372.79
2022-11-23 11:00:00,2022,23,11,11,-31.0,-26.98,78.1,0.5,334.1,79.91387,-24.09337,372.79
2022-11-23 12:00:00,2022,23,11,12,-31.0,-26.7,78.2,1.3,251.2,79.91389,-24.09354,372.79
2022-11-23 13:00:00,2022,23,11,13,-31.0,-26.23,78.4,2.2,233.9,79.91389,-24.09345,372.79
2022-11-23 14:00:00,2022,23,11,14,-31.0,-26.13,78.5,1.8,229.9,79.91390,-24.09333,372.79
2022-11-23 15:00:00,2022,23,11,15,-31.0,-26.02,78.6,1.5,230.5,79.91388,-24.09343,372.79
2022-11-23 16:00:00,2022,23,11,16,-31.0,-25.98,78.5,2.0,226.2,79.91389,-24.09349,372.79
2022-11-23 17:00:00,2022,23,11,17,-31.0,-26.02,78.5,2.4,229.0,79.91388,-24.09344,372.79
2022-11-23 18:00:00,2022,23,11,18,-31.0,-25.72,78.6,1.9,218.2,79.91387,-24.09340,372.79
2022-11-23 19:00:00,2022,23,11,19,-31.0,-25.97,78.4,2.6,224.8,79.91388,-24.09341,372.79
2022-11-23 20:00:00,2022,23,11,20,-32.0,-25.9,78.5,2.9,211.9,79.91388,-24.09333,372.79
2022-11-23 21:00:00,2022,23,11,21,-32.0,-26.1,78.3,3.0,195.0,79.91387,-24.09335,372.79
2022-11-23 22:00:00,2022,23,11,22,-32.0,-26.0,78.3,4.7,203.1,79.91387,-24.09333,372.79
2022-11-23 23:00:00,2022,23,11,23,-33.0,-26.65,78.0,3.0,181.1,79.91386,-24.09330,372.79
2022-11-24 00:00:00,2022,24,11,0,-33.0,-26.87,77.9,3.1,193.9,79.91387,-24.09333,372.77
2022-11-24 01:00:00,2022,24,11,1,-33.0,-26.4,78.2,3.3,194.1,79.91387,-24.09341,372.77
2022-11-24 02:00:00,2022,24,11,2,-34.0,-26.12,78.4,5.7,206.7,79.91391,-24.09349,372.77
2022-11-24 03:00:00,2022,24,11,3,-35.0,-25.65,78.6,5.8,206.0,79.91387,-24.09347,372.77
2022-11-24 04:00:00,2022,24,11,4,-35.0,-25.67,78.6,3.6,191.1,79.91391,-24.09339,372.77
2022-11-24 05:00:00,2022,24,11,5,-35.0,-25.03,78.9,5.3,205.5,79.91388,-24.09344,372.77
2022-11-24 06:00:00,2022,24,11,6,-36.0,-25.68,78.4,3.9,191.7,79.91387,-24.09335,372.77
2022-11-24 07:00:00,2022,24,11,7,-36.0,-26.15,78.3,3.5,195.8,79.91387,-24.09328,372.77
2022-11-24 08:00:00,2022,24,11,8,-36.0,-25.53,78.6,4.9,203.8,79.91388,-24.09334,372.77
2022-11-24 09:00:00,2022,24,11,9,-36.0,-26.0,78.4,4.0,216.5,79.91386,-24.09336,372.77
2022-11-24 10:00:00,2022,24,11,10,-37.0,-26.15,78.4,3.2,207.4,79.91388,-24.09346,372.77
2022-11-24 11:00:00,2022,24,11,11,-37.0,-25.75,78.6,3.6,211.6,79.91389,-24.09331,372.77
2022-11-24 12:00:00,2022,24,11,12,-37.0,-26.05,78.3,2.0,194.5,79.91388,-24.09349,372.77
2022-11-24 13:00:00,2022,24,11,13,-37.0,-26.55,78.1,0.8,216.0,79.91390,-24.09344,372.77
2022-11-24 14:00:00,2022,24,11,14,-38.0,-26.65,78.3,0.3,328.8,79.91387,-24.09339,372.77
2022-11-24 15:00:00,2022,24,11,15,nan,-26.97,78.4,0.1,23.6,79.91387,-24.09332,372.77
2022-11-24 16:00:00,2022,24,11,16,-38.0,-26.33,78.7,0.3,14.4,79.91388,-24.09337,372.77
2022-11-24 17:00:00,2022,24,11,17,-37.0,-25.82,78.8,1.2,346.2,79.91388,-24.09335,372.77
2022-11-24 18:00:00,2022,24,11,18,-37.0,-24.92,79.1,1.5,349.6,79.91387,-24.09330,372.77
2022-11-24 19:00:00,2022,24,11,19,-37.0,-25.32,78.9,1.9,347.1,79.91387,-24.09331,372.77
2022-11-24 20:00:00,2022,24,11,20,-36.0,-24.33,79.4,2.7,329.7,79.91387,-24.09338,372.77
2022-11-24 21:00:00,2022,24,11,21,-36.0,-25.02,78.9,3.8,350.8,79.91385,-24.09334,372.77
2022-11-24 22:00:00,2022,24,11,22,-36.0,-24.55,79.1,4.4,355.8,79.91388,-24.09333,372.77
2022-11-24 23:00:00,2022,24,11,23,-35.0,-23.92,79.3,nan,nan,79.91388,-24.09335,372.77
2022-11-25 00:00:00,2022,25,11,0,-35.0,-22.98,79.6,5.6,349.5,79.91386,-24.09339,372.75
2022-11-25 01:00:00,2022,25,11,1,-34.0,-22.25,78.7,4.9,348.1,79.91388,-24.09347,372.75
2022-11-25 02:00:00,2022,25,11,2,-34.0,-21.8,76.3,4.5,353.1,79.91389,-24.09344,372.75
2022-11-25 03:00:00,2022,25,11,3,-34.0,-21.53,74.4,5.0,347.6,79.91387,-24.09341,372.75
2022-11-25 04:00:00,2022,25,11,4,-34.0,-21.32,73.4,4.8,342.2,79.91390,-24.09339,372.75
2022-11-25 05:00:00,2022,25,11,5,-34.0,-20.78,72.8,4.4,345.5,79.91387,-24.09340,372.75
2022-11-25 06:00:00,2022,25,11,6,-34.0,-19.92,73.1,4.1,325.6,79.91385,-24.09337,372.75
2022-11-25 07:00:00,2022,25,11,7,-34.0,-19.8,71.6,4.0,329.9,79.91385,-24.09330,372.75
2022-11-25 08:00:00,2022,25,11,8,-34.0,-20.75,75.1,1.3,33.7,79.91388,-24.09340,372.75
2022-11-25 09:00:00,2022,25,11,9,-34.0,-20.08,73.1,1.5,355.0,79.91387,-24.09333,372.75
2022-11-25 10:00:00,2022,25,11,10,-34.0,-20.07,72.5,1.1,6.6,79.91388,-24.09346,372.75
2022-11-25 11:00:00,2022,25,11,11,-34.0,-21.43,76.1,1.7,235.6,79.91388,-24.09332,372.75
2022-11-25 12:00:00,2022,25,11,12,-34.0,-20.33,73.9,2.0,259.4,79.91387,-24.09340,372.75
2022-11-25 13:00:00,2022,25,11,13,-35.0,-21.87,73.3,1.9,237.6,79.91390,-24.09350,372.75
2022-11-25 14:00:00,2022,25,11,14,-36.0,-22.88,77.2,2.2,246.3,79.91387,-24.09343,372.75
2022-11-25 15:00:00,2022,25,11,15,-36.0,-23.53,77.5,2.5,221.4,79.91388,-24.09334,372.75
2022-11-25 16:00:00,2022,25,11,16,-37.0,-23.97,78.8,3.7,212.8,79.91387,-24.09335,372.75
2022-11-25 17:00:00,2022,25,11,17,-37.0,-24.63,78.5,3.0,221.5,79.91388,-24.09334,372.75
2022-11-25 18:00:00,2022,25,11,18,-38.0,-25.57,79.0,3.0,206.0,79.91386,-24.09338,372.75
2022-11-25 19:00:00,2022,25,11,19,-39.0,-25.6,79.8,4.0,218.5,79.91387,-24.09333,372.75
2022-11-25 20:00:00,2022,25,11,20,-39.0,-25.48,78.8,5.1,202.2,79.91388,-24.09323,372.75
2022-11-25 21:00:00,2022,25,11,21,-40.0,-26.33,78.7,3.5,187.8,79.91386,-24.09334,372.75
2022-11-25 22:00:00,2022,25,11,22,-41.0,-26.63,78.5,4.7,224.9,79.91387,-24.09330,372.75
2022-11-25 23:00:00,2022,25,11,23,-41.0,-26.97,78.2,4.3,228.6,79.91389,-24.09340,372.75
2022-11-26 00:00:00,2022,26,11,0,-42.0,-27.42,78.3,4.4,219.9,79.91387,-24.09326,372.74
2022-11-26 01:00:00,2022,26,11,1,-42.0,-26.6,78.8,4.0,229.8,79.91390,-24.09339,372.74
2022-11-26 02:00:00,2022,26,11,2,-42.0,-26.85,78.1,3.4,218.1,79.91391,-24.09348,372.74
2022-11-26 03:00:00,2022,26,11,3,-43.0,-27.08,77.9,2.7,205.6,79.91388,-24.09342,372.74
2022-11-26 04:00:00,2022,26,11,4,-43.0,-27.5,78.6,0.9,275.8,79.91389,-24.09344,372.74
2022-11-26 05:00:00,2022,26,11,5,-43.0,-27.3,77.7,0.6,333.1,79.91389,-24.09337,372.74
2022-11-26 06:00:00,2022,26,11,6,-44.0,-27.33,77.5,0.7,19.7,79.91387,-24.09340,372.74
2022-11-26 07:00:00,2022,26,11,7,-44.0,-27.3,77.9,1.1,292.0,79.91386,-24.09326,372.74
2022-11-26 08:00:00,2022,26,11,8,-44.0,-26.88,77.1,2.9,248.3,79.91387,-24.09347,372.74
2022-11-26 09:00:00,2022,26,11,9,-44.0,-27.68,77.0,2.0,285.2,79.91386,-24.09328,372.74
2022-11-26 10:00:00,2022,26,11,10,-44.0,-27.03,77.4,2.0,214.2,79.91389,-24.09341,372.74
2022-11-26 11:00:00,2022,26,11,11,-44.0,-25.22,75.5,2.7,259.2,79.91387,-24.09329,372.74
2022-11-26 12:00:00,2022,26,11,12,-44.0,-26.05,76.3,2.0,243.6,79.91388,-24.09338,372.74
2022-11-26 13:00:00,2022,26,11,13,-45.0,-25.52,74.7,1.9,232.6,79.91389,-24.09338,372.74
2022-11-26 14:00:00,2022,26,11,14,-45.0,-25.47,74.7,1.8,230.4,79.91388,-24.09339,372.74
2022-11-26 15:00:00,2022,26,11,15,-45.0,-26.03,75.7,2.9,228.4,79.91388,-24.09328,372.74
2022-11-26 16:00:00,2022,26,11,16,-45.0,-25.92,76.5,3.0,229.7,79.91387,-24.09336,372.74
2022-11-26 17:00:00,2022,26,11,17,-45.0,-26.68,76.6,1.9,219.2,79.91388,-24.09333,372.74
2022-11-26 18:00:00,2022,26,11,18,-46.0,-26.48,76.6,3.0,209.2,79.91385,-24.09332,372.74
2022-11-26 19:00:00,2022,26,11,19,-45.0,-26.0,75.5,3.0,202.9,79.91385,-24.09323,372.74
2022-11-26 20:00:00,2022,26,11,20,-45.0,-25.97,74.5,3.1,207.9,79.91387,-24.09337,372.74
2022-11-26 21:00:00,2022,26,11,21,-45.0,-24.85,73.5,4.2,214.1,79.91387,-24.09334,372.74
2022-11-26 22:00:00,2022,26,11,22,-45.0,-22.58,69.5,4.1,212.5,79.91389,-24.09329,372.74
2022-11-26 23:00:00,2022,26,11,23,-45.0,-22.85,70.7,2.2,181.5,79.91388,-24.09339,372.74
2022-11-27 00:00:00,2022,27,11,0,-45.0,-22.68,69.4,1.6,89.0,79.91386,-24.09339,372.72
2022-11-27 01:00:00,2022,27,11,1,-44.0,-22.0,67.3,1.4,14.8,79.91389,-24.09338,372.72
2022-11-27 02:00:00,2022,27,11,2,-44.0,-21.68,66.5,2.1,355.0,79.91389,-24.09342,372.72
2022-11-27 03:00:00,2022,27,11,3,-43.0,-20.52,66.8,2.3,331.8,79.91388,-24.09352,372.72
2022-11-27 04:00:00,2022,27,11,4,-43.0,-21.52,66.6,3.6,326.2,79.91387,-24.09345,372.72
2022-11-27 05:00:00,2022,27,11,5,-43.0,-23.62,68.7,4.6,328.0,79.91389,-24.09344,372.72
2022-11-27 06:00:00,2022,27,11,6,-43.0,-25.17,72.3,6.0,324.5,79.91387,-24.09333,372.72
2022-11-27 07:00:00,2022,27,11,7,-43.0,-25.85,74.0,5.7,332.0,79.91387,-24.09341,372.72
2022-11-27 08:00:00,2022,27,11,8,-42.0,-26.85,75.5,6.1,342.3,79.91387,-24.09343,372.72
2022-11-27 09:00:00,2022,27,11,9,-42.0,-27.1,75.6,5.7,328.3,79.91387,-24.09332,372.72
2022-11-27 10:00:00,2022,27,11,10,-41.0,-25.13,71.6,5.1,328.5,79.91388,-24.09338,372.72
2022-11-27 11:00:00,2022,27,11,11,-41.0,-26.92,75.0,5.2,334.8,79.91389,-24.09328,372.72
2022-11-27 12:00:00,2022,27,11,12,-41.0,-28.33,76.5,6.1,332.2,79.91388,-24.09338,372.72
2022-11-27 13:00:00,2022,27,11,13,-41.0,-27.33,76.4,5.4,338.4,79.91390,-24.09338,372.72
2022-11-27 14:00:00,2022,27,11,14,-40.0,-28.4,76.9,5.9,348.9,79.91388,-24.09339,372.72
2022-11-27 15:00:00,2022,27,11,15,-40.0,-30.08,75.9,6.9,345.8,79.91387,-24.09343,372.72
2022-11-27 16:00:00,2022,27,11,16,-39.0,-29.18,76.4,6.2,343.1,79.91386,-24.09334,372.72
2022-11-27 17:00:00,2022,27,11,17,-39.0,-29.28,76.3,6.5,346.2,79.91388,-24.09329,372.72
2022-11-27 18:00:00,2022,27,11,18,-38.0,-30.05,75.8,6.8,345.3,79.91383,-24.09336,372.72
2022-11-27 19:00:00,2022,27,11,19,-38.0,-30.43,75.7,5.6,341.1,79.91385,-24.09325,372.72
2022-11-27 20:00:00,2022,27,11,20,-37.0,-29.53,76.2,6.4,330.8,79.91390,-24.09342,372.72
2022-11-27 21:00:00,2022,27,11,21,-37.0,-30.02,75.9,6.2,332.1,79.91386,-24.09338,372.72
2022-11-27 22:00:00,2022,27,11,22,-36.0,-29.62,76.2,6.2,340.6,79.91387,-24.09325,372.72
2022-11-27 23:00:00,2022,27,11,23,-36.0,-29.95,75.9,5.9,336.5,79.91390,-24.09343,372.72
2022-11-28 00:00:00,2022,28,11,0,-36.0,-29.65,76.2,4.8,332.5,79.91386,-24.09338,372.70
2022-11-28 01:00:00,2022,28,11,1,-36.0,-28.62,76.8,5.4,331.1,79.91387,-24.09342,372.70
2022-11-28 02:00:00,2022,28,11,2,-35.0,-28.27,76.9,5.1,334.6,79.91389,-24.09339,372.70
2022-11-28 03:00:00,2022,28,11,3,-35.0,-28.23,76.9,4.8,340.2,79.91388,-24.09346,372.70
2022-11-28 04:00:00,2022,28,11,4,-35.0,-28.77,76.7,4.5,341.3,79.91388,-24.09342,372.70
2022-11-28 05:00:00,2022,28,11,5,-35.0,-27.65,77.4,4.4,334.7,79.91388,-24.09338,372.70
2022-11-28 06:00:00,2022,28,11,6,-35.0,-27.13,77.5,4.6,339.8,79.91386,-24.09331,372.70
2022-11-28 07:00:00,2022,28,11,7,-35.0,-27.13,77.7,3.9,327.9,79.91386,-24.09347,372.70
2022-11-28 08:00:00,2022,28,11,8,-35.0,-26.93,77.7,3.7,347.3,79.91387,-24.09339,372.70
2022-11-28 09:00:00,2022,28,11,9,-35.0,-27.92,77.2,5.0,342.9,79.91388,-24.09329,372.70
2022-11-28 10:00:00,2022,28,11,10,-35.0,-27.63,77.3,4.9,341.7,79.91388,-24.09338,372.70
2022-11-28 11:00:00,2022,28,11,11,-35.0,-26.23,78.2,5.2,346.7,79.91388,-24.09344,372.70
2022-11-28 12:00:00,2022,28,11,12,-35.0,-25.75,78.5,5.7,347.5,79.91388,-24.09340,372.70
2022-11-28 13:00:00,2022,28,11,13,-36.0,-25.3,78.6,5.9,347.8,79.91390,-24.09338,372.70
2022-11-28 14:00:00,2022,28,11,14,-36.0,-25.63,78.5,6.6,355.6,79.91388,-24.09339,372.70
2022-11-28 15:00:00,2022,28,11,15,-37.0,-25.18,78.7,6.2,356.0,79.91387,-24.09330,372.70
2022-11-28 16:00:00,2022,28,11,16,-38.0,-24.7,79.1,6.8,355.1,79.91388,-24.09306,372.70
2022-11-28 17:00:00,2022,28,11,17,-38.0,-23.42,79.7,7.7,348.4,79.91389,-24.09335,372.70
2022-11-28 18:00:00,2022,28,11,18,-39.0,-24.18,79.1,7.7,1.7,79.91386,-24.09332,372.70
2022-11-28 19:00:00,2022,28,11,19,-40.0,-23.58,79.1,8.4,350.9,79.91387,-24.09319,372.70
2022-11-28 20:00:00,2022,28,11,20,-41.0,-22.65,79.1,7.6,3.4,79.91388,-24.09338,372.70
2022-11-28 21:00:00,2022,28,11,21,-41.0,-23.08,79.3,6.1,13.5,79.91388,-24.09335,372.70
2022-11-28 22:00:00,2022,28,11,22,-42.0,-21.58,80.2,5.9,10.2,79.91389,-24.09330,372.70
2022-11-28 23:00:00,2022,28,11,23,-42.0,-20.95,80.5,4.7,4.3,79.91388,-24.09345,372.70
2022-11-29 00:00:00,2022,29,11,0,-43.0,-20.9,80.3,4.0,354.9,79.91386,-24.09341,372.69
2022-11-29 01:00:00,2022,29,11,1,-43.0,-20.63,80.5,5.2,4.4,79.91387,-24.09329,372.69
2022-11-29 02:00:00,2022,29,11,2,-44.0,-20.37,80.7,6.7,344.5,79.91389,-24.09339,372.69
2022-11-29 03:00:00,2022,29,11,3,-44.0,-20.07,81.0,6.1,355.1,79.91387,-24.09343,372.69
2022-11-29 04:00:00,2022,29,11,4,-45.0,-20.22,81.0,nan,nan,79.91385,-24.09347,372.69
2022-11-29 05:00:00,2022,29,11,5,-45.0,-19.92,81.2,6.1,1.1,79.91389,-24.09339,372.69
2022-11-29 06:00:00,2022,29,11,6,-46.0,-19.38,81.0,5.7,355.8,79.91387,-24.09333,372.69
2022-11-29 07:00:00,2022,29,11,7,-46.0,-18.78,81.2,5.4,14.2,79.91387,-24.09339,372.69
2022-11-29 08:00:00,2022,29,11,8,-46.0,-18.35,81.9,5.9,359.9,79.91386,-24.09334,372.69
2022-11-29 09:00:00,2022,29,11,9,-47.0,-18.73,81.9,5.8,348.1,79.91386,-24.09340,372.69
2022-11-29 10:00:00,2022,29,11,10,-47.0,-18.92,81.9,5.6,353.0,79.91388,-24.09341,372.69
2022-11-29 11:00:00,2022,29,11,11,-47.0,-17.6,82.8,6.2,353.9,79.91388,-24.09338,372.69
2022-11-29 12:00:00,2022,29,11,12,-47.0,-14.38,85.0,6.4,5.0,79.91388,-24.09341,372.69
2022-11-29 13:00:00,2022,29,11,13,-47.0,-15.6,84.1,7.7,344.1,79.91388,-24.09342,372.69
2022-11-29 14:00:00,2022,29,11,14,-47.0,-17.85,83.1,8.4,339.2,79.91388,-24.09331,372.69
2022-11-29 15:00:00,2022,29,11,15,-47.0,-17.78,83.5,8.9,353.1,79.91386,-24.09337,372.69
2022-11-29 16:00:00,2022,29,11,16,-47.0,-18.0,83.1,7.9,344.8,79.91389,-24.09315,372.69
2022-11-29 17:00:00,2022,29,11,17,-47.0,-19.63,81.7,7.2,343.9,79.91388,-24.09341,372.69
2022-11-29 18:00:00,2022,29,11,18,-46.0,-18.98,82.2,6.6,350.4,79.91386,-24.09340,372.69
2022-11-29 19:00:00,2022,29,11,19,-46.0,-19.1,82.4,6.8,357.8,79.91388,-24.09334,372.69
2022-11-29 20:00:00,2022,29,11,20,-45.0,-17.88,83.1,6.7,350.0,79.91389,-24.09338,372.69
2022-11-29 21:00:00,2022,29,11,21,-45.0,-17.67,82.0,7.2,329.1,79.91386,-24.09335,372.69
2022-11-29 22:00:00,2022,29,11,22,-45.0,-19.42,81.5,6.5,343.0,79.91387,-24.09322,372.69
2022-11-29 23:00:00,2022,29,11,23,-44.0,-20.2,81.3,6.1,348.2,79.91388,-24.09342,372.69
2022-11-30 00:00:00,2022,30,11,0,-44.0,-20.5,82.6,5.9,345.3,79.91385,-24.09340,372.67
2022-11-30 01:00:00,2022,30,11,1,-43.0,-20.67,82.0,5.9,343.0,79.91387,-24.09320,372.67
2022-11-30 02:00:00,2022,30,11,2,-42.0,-20.55,81.9,5.0,331.6,79.91388,-24.09331,372.67
2022-11-30 03:00:00,2022,30,11,3,-42.0,-20.65,81.7,3.8,329.2,79.91389,-24.09339,372.67
2022-11-30 04:00:00,2022,30,11,4,-42.0,-20.67,81.7,3.1,334.7,79.91387,-24.09336,372.67
2022-11-30 05:00:00,2022,30,11,5,-41.0,-20.63,81.8,1.6,354.5,79.91389,-24.09343,372.67
2022-11-30 06:00:00,2022,30,11,6,-41.0,-21.0,81.5,2.1,313.3,79.91387,-24.09332,372.67
2022-11-30 07:00:00,2022,30,11,7,-41.0,-20.93,81.6,1.7,273.3,79.91388,-24.09332,372.67
2022-11-30 08:00:00,2022,30,11,8,-41.0,-20.67,81.8,1.0,261.0,79.91387,-24.09336,372.67
2022-11-30 09:00:00,2022,30,11,9,-40.0,-20.58,81.9,1.2,238.9,79.91388,-24.09333,372.67
2022-11-30 10:00:00,2022,30,11,10,-40.0,-20.22,82.0,0.7,258.0,79.91388,-24.09344,372.67
2022-11-30 11:00:00,2022,30,11,11,-39.0,-20.37,81.9,0.3,35.0,79.91389,-24.09336,372.67
2022-11-30 12:00:00,2022,30,11,12,-39.0,-20.63,81.9,0.9,272.0,79.91388,-24.09325,372.67
2022-11-30 13:00:00,2022,30,11,13,-39.0,-20.3,82.0,1.3,161.6,79.91390,-24.09343,372.67
2022-11-30 14:00:00,2022,30,11,14,-39.0,-20.6,81.8,0.7,254.5,79.91387,-24.09330,372.67
2022-11-30 15:00:00,2022,30,11,15,-38.0,-20.97,81.5,1.4,237.9,79.91388,-24.09334,372.67
2022-11-30 16:00:00,2022,30,11,16,-38.0,-20.6,81.8,2.8,216.5,79.91387,-24.09326,372.67
2022-11-30 17:00:00,2022,30,11,17,-38.0,-19.83,82.2,3.1,222.3,79.91387,-24.09329,372.67
2022-11-30 18:00:00,2022,30,11,18,-38.0,-20.8,81.6,0.8,200.7,79.91385,-24.09331,372.67
2022-11-30 19:00:00,2022,30,11,19,-38.0,-21.05,81.6,1.5,227.6,79.91388,-24.09337,372.67
2022-11-30 20:00:00,2022,30,11,20,-39.0,-19.98,82.2,3.7,200.9,79.91390,-24.09336,372.67
2022-11-30 21:00:00,2022,30,11,21,-39.0,-20.23,81.8,4.9,202.9,79.91386,-24.09328,372.67
2022-11-30 22:00:00,2022,30,11,22,-40.0,-20.48,81.9,4.5,204.3,79.91388,-24.09324,372.67
2022-11-30 23:00:00,2022,30,11,23,-40.0,-19.55,82.5,9.2,194.3,79.91389,-24.09336,372.67
2022-12-01 00:00:00,2022,1,12,0,-40.0,-19.4,82.6,10.0,200.1,79.91388,-24.09346,372.65
2022-12-01 01:00:00,2022,1,12,1,-40.0,-20.12,82.0,7.1,188.8,79.91387,-24.09314,372.65
2022-12-01 02:00:00,2022,1,12,2,-40.0,-20.18,82.0,6.9,181.4,79.91389,-24.09332,372.65
2022-12-01 03:00:00,2022,1,12,3,-41.0,-20.8,81.6,8.7,200.7,79.91387,-24.09337,372.65
2022-12-01 04:00:00,2022,1,12,4,-41.0,-21.18,81.4,7.3,197.5,79.91387,-24.09334,372.65
2022-12-01 05:00:00,2022,1,12,5,-41.0,-20.97,81.5,6.0,204.3,79.91388,-24.09332,372.65
2022-12-01 06:00:00,2022,1,12,6,-40.0,-21.13,81.4,6.4,206.0,79.91388,-24.09330,372.65
2022-12-01 07:00:00,2022,1,12,7,-40.0,-21.1,81.5,5.2,221.1,79.91387,-24.09327,372.65
2022-12-01 08:00:00,2022,1,12,8,-40.0,-20.78,81.7,3.8,208.7,79.91388,-24.09338,372.65
2022-12-01 09:00:00,2022,1,12,9,-40.0,-20.5,81.9,4.8,207.9,79.91388,-24.09335,372.65
2022-12-01 10:00:00,2022,1,12,10,-39.0,-20.97,81.5,4.4,215.1,79.91389,-24.09337,372.65
2022-12-01 11:00:00,2022,1,12,11,-39.0,-21.53,81.2,1.6,172.0,79.91389,-24.09338,372.65
2022-12-01 12:00:00,2022,1,12,12,-38.0,-21.85,81.2,0.7,329.1,79.91388,-24.09329,372.65
2022-12-01 13:00:00,2022,1,12,13,-38.0,-22.55,80.8,2.6,336.1,79.91389,-24.09334,372.65
2022-12-01 14:00:00,2022,1,12,14,-37.0,-22.42,80.7,3.1,344.2,79.91388,-24.09341,372.65
2022-12-01 15:00:00,2022,1,12,15,-37.0,-23.87,79.9,5.4,348.5,79.91388,-24.09326,372.65
2022-12-01 16:00:00,2022,1,12,16,-36.0,-23.75,80.0,7.1,7.1,79.91387,-24.09339,372.65
2022-12-01 17:00:00,2022,1,12,17,-36.0,-23.57,80.0,8.3,353.9,79.91389,-24.09336,372.65
2022-12-01 18:00:00,2022,1,12,18,-35.0,-25.07,79.2,9.9,357.2,79.91387,-24.09334,372.65
2022-12-01 19:00:00,2022,1,12,19,-35.0,-25.23,79.1,11.6,344.8,79.91388,-24.09332,372.65
2022-12-01 20:00:00,2022,1,12,20,-35.0,-25.42,79.0,13.1,344.7,79.91389,-24.09342,372.65
2022-12-01 21:00:00,2022,1,12,21,-35.0,-25.92,78.7,14.1,341.9,79.91387,-24.09338,372.65
2022-12-01 22:00:00,2022,1,12,22,-35.0,-26.12,78.6,14.6,339.5,79.91387,-24.09325,372.65
2022-12-01 23:00:00,2022,1,12,23,-35.0,-26.18,78.5,15.5,342.1,79.91388,-24.09338,372.65
2022-12-02 00:00:00,2022,2,12,0,-35.0,-25.98,78.7,17.0,346.5,79.91388,-24.09337,372.64
2022-12-02 01:00:00,2022,2,12,1,-35.0,-26.33,78.5,17.2,340.6,79.91387,-24.09327,372.64
2022-12-02 02:00:00,2022,2,12,2,-34.0,-26.32,78.5,18.3,344.7,79.91388,-24.09338,372.64
2022-12-02 03:00:00,2022,2,12,3,-33.0,-26.33,78.5,16.3,347.1,79.91388,-24.09343,372.64
2022-12-02 04:00:00,2022,2,12,4,-32.0,-26.18,78.6,17.1,351.1,79.91385,-24.09345,372.64
2022-12-02 05:00:00,2022,2,12,5,-31.0,-26.23,78.5,16.3,351.2,79.91388,-24.09343,372.64
2022-12-02 06:00:00,2022,2,12,6,-31.0,-26.17,78.6,14.8,356.9,79.91387,-24.09332,372.64
2022-12-02 07:00:00,2022,2,12,7,-29.0,-25.98,78.7,12.7,353.4,79.91387,-24.09329,372.64
2022-12-02 08:00:00,2022,2,12,8,-28.0,-26.12,78.5,11.2,349.1,79.91387,-24.09331,372.64
2022-12-02 09:00:00,2022,2,12,9,-27.0,-25.95,78.5,11.6,346.9,79.91387,-24.09340,372.64
2022-12-02 10:00:00,2022,2,12,10,-26.0,-25.58,78.5,12.0,344.3,79.91387,-24.09341,372.64
2022-12-02 11:00:00,2022,2,12,11,-25.0,-25.5,78.2,10.8,338.6,79.91390,-24.09338,372.64
2022-12-02 12:00:00,2022,2,12,12,-24.0,-25.42,78.1,9.6,350.2,79.91387,-24.09334,372.64
2022-12-02 13:00:00,2022,2,12,13,-24.0,-25.68,78.1,9.2,349.8,79.91389,-24.09321,372.64
2022-12-02 14:00:00,2022,2,12,14,-23.0,-25.45,78.1,9.9,342.8,79.91388,-24.09332,372.64
2022-12-02 15:00:00,2022,2,12,15,-22.0,-24.75,77.7,10.0,333.1,79.91388,-24.09328,372.64
2022-12-02 16:00:00,2022,2,12,16,-20.0,-24.45,76.1,8.4,335.0,79.91388,-24.09333,372.64
2022-12-02 17:00:00,2022,2,12,17,-19.0,-24.68,74.2,6.0,333.2,79.91387,-24.09332,372.64
2022-12-02 18:00:00,2022,2,12,18,-18.0,-24.87,72.4,6.5,336.4,79.91388,-24.09335,372.64
2022-12-02 19:00:00,2022,2,12,19,-18.0,-24.15,69.9,6.1,336.6,79.91386,-24.09337,372.64
2022-12-02 20:00:00,2022,2,12,20,-18.0,-24.65,68.3,5.7,336.1,79.91389,-24.09340,372.64
2022-12-02 21:00:00,2022,2,12,21,-18.0,-25.3,66.9,6.1,321.4,79.91388,-24.09343,372.64
2022-12-02 22:00:00,2022,2,12,22,-18.0,-26.22,65.0,5.6,307.9,79.91387,-24.09322,372.64
2022-12-02 23:00:00,2022,2,12,23,-19.0,-25.98,61.8,5.7,306.0,79.91388,-24.09335,372.64
2022-12-03 00:00:00,2022,3,12,0,-19.0,-27.13,60.9,3.4,292.2,79.91388,-24.09348,372.62
2022-12-03 01:00:00,2022,3,12,1,-21.0,-28.55,61.8,6.3,284.4,79.91387,-24.09324,372.62
2022-12-03 02:00:00,2022,3,12,2,-22.0,-28.05,58.7,5.1,284.8,79.91388,-24.09333,372.62
2022-12-03 03:00:00,2022,3,12,3,-23.0,-27.67,57.0,2.4,258.8,79.91387,-24.09339,372.62
2022-12-03 04:00:00,2022,3,12,4,-24.0,-28.53,57.9,2.9,240.8,79.91385,-24.09337,372.62
2022-12-03 05:00:00,2022,3,12,5,-26.0,-28.5,62.5,5.3,210.2,79.91388,-24.09356,372.62
2022-12-03 06:00:00,2022,3,12,6,-27.0,-28.98,69.2,5.7,205.7,79.91387,-24.09335,372.62
2022-12-03 07:00:00,2022,3,12,7,-29.0,-28.6,69.0,7.1,204.8,79.91387,-24.09324,372.62
2022-12-03 08:00:00,2022,3,12,8,-31.0,-28.73,72.0,8.5,200.3,79.91386,-24.09331,372.62
2022-12-03 09:00:00,2022,3,12,9,-33.0,-28.32,76.0,7.9,195.5,79.91387,-24.09335,372.62
2022-12-03 10:00:00,2022,3,12,10,-35.0,-27.93,75.5,9.8,189.7,79.91390,-24.09333,372.62
2022-12-03 11:00:00,2022,3,12,11,-38.0,-27.03,77.2,12.8,195.8,79.91389,-24.09338,372.62
2022-12-03 12:00:00,2022,3,12,12,-39.0,-26.67,77.6,12.8,196.4,79.91389,-24.09326,372.62
2022-12-03 13:00:00,2022,3,12,13,-39.0,-26.07,78.0,11.5,196.0,79.91390,-24.09334,372.62
2022-12-03 14:00:00,2022,3,12,14,-40.0,-26.05,78.1,9.8,189.4,79.91388,-24.09335,372.62
2022-12-03 15:00:00,2022,3,12,15,-41.0,-25.57,78.5,10.3,182.9,79.91387,-24.09332,372.62
2022-12-03 16:00:00,2022,3,12,16,-42.0,-25.18,78.6,9.2,189.1,79.91389,-24.09334,372.62
2022-12-03 17:00:00,2022,3,12,17,-43.0,-25.02,78.8,9.2,211.4,79.91389,-24.09331,372.62
2022-12-03 18:00:00,2022,3,12,18,-42.0,-21.07,80.9,6.5,207.3,79.91386,-24.09334,372.62
2022-12-03 19:00:00,2022,3,12,19,-41.0,-16.3,79.2,3.7,315.4,79.91388,-24.09326,372.62
2022-12-03 20:00:00,2022,3,12,20,-40.0,-9.57,78.1,3.0,252.0,79.91388,-24.09334,372.62
2022-12-03 21:00:00,2022,3,12,21,-42.0,-9.9,81.9,14.2,276.1,79.91386,-24.09341,372.62
2022-12-03 22:00:00,2022,3,12,22,-42.0,-9.23,78.9,15.2,281.4,79.91386,-24.09331,372.62
2022-12-03 23:00:00,2022,3,12,23,-42.0,-8.58,75.5,12.8,283.0,79.91387,-24.09335,372.62
2022-12-04 00:00:00,2022,4,12,0,-42.0,-8.87,76.5,13.7,286.9,79.91387,-24.09341,372.60
2022-12-04 01:00:00,2022,4,12,1,-41.0,-9.35,76.1,13.6,284.8,79.91386,-24.09334,372.60
2022-12-04 02:00:00,2022,4,12,2,-41.0,-10.07,74.7,11.9,318.4,79.91388,-24.09334,372.60
2022-12-04 03:00:00,2022,4,12,3,-39.0,-8.87,60.6,6.2,314.4,79.91385,-24.09333,372.60
2022-12-04 04:00:00,2022,4,12,4,-39.0,-10.2,71.8,11.6,300.8,79.91387,-24.09334,372.60
2022-12-04 05:00:00,2022,4,12,5,-38.0,-9.52,67.6,10.9,306.9,79.91386,-24.09345,372.60
2022-12-04 06:00:00,2022,4,12,6,-37.0,-8.48,55.8,3.6,329.8,79.91387,-24.09329,372.60
2022-12-04 07:00:00,2022,4,12,7,-35.0,-9.72,58.7,3.8,326.1,79.91387,-24.09324,372.60
2022-12-04 08:00:00,2022,4,12,8,-34.0,-8.02,58.0,8.0,319.1,79.91386,-24.09331,372.60
2022-12-04 09:00:00,2022,4,12,9,-32.0,-7.2,64.0,9.3,325.5,79.91388,-24.09341,372.60
2022-12-04 10:00:00,2022,4,12,10,-30.0,-7.5,70.3,9.6,339.9,79.91388,-24.09336,372.60
2022-12-04 11:00:00,2022,4,12,11,-28.0,-8.42,73.7,11.2,335.5,79.91389,-24.09337,372.60
2022-12-04 12:00:00,2022,4,12,12,-27.0,-9.75,78.1,11.9,333.1,79.91388,-24.09335,372.60
2022-12-04 13:00:00,2022,4,12,13,-26.0,-10.97,79.9,13.9,325.9,79.91391,-24.09333,372.60
2022-12-04 14:00:00,2022,4,12,14,-25.0,-11.92,78.2,13.8,327.4,79.91388,-24.09344,372.60
2022-12-04 15:00:00,2022,4,12,15,-23.0,-13.5,75.7,11.8,331.7,79.91387,-24.09330,372.60
2022-12-04 16:00:00,2022,4,12,16,-22.0,-14.5,72.2,9.5,341.7,79.91388,-24.09338,372.60
2022-12-04 17:00:00,2022,4,12,17,-21.0,-14.72,73.2,10.9,334.2,79.91386,-24.09336,372.60
2022-12-04 18:00:00,2022,4,12,18,-20.0,-15.37,70.2,11.0,338.0,79.91388,-24.09341,372.60
2022-12-04 19:00:00,2022,4,12,19,-20.0,-15.7,68.3,9.0,345.8,79.91388,-24.09331,372.60
2022-12-04 20:00:00,2022,4,12,20,-19.0,-16.15,71.4,10.5,340.8,79.91388,-24.09338,372.60
2022-12-04 21:00:00,2022,4,12,21,-19.0,-16.8,69.8,11.3,322.4,79.91387,-24.09335,372.60
2022-12-04 22:00:00,2022,4,12,22,-18.0,-17.7,69.1,9.7,323.2,79.91387,-24.09330,372.60
2022-12-04 23:00:00,2022,4,12,23,-18.0,-18.28,67.5,11.2,313.6,79.91388,-24.09326,372.60
2022-12-05 00:00:00,2022,5,12,0,-17.0,-18.37,65.5,8.7,335.5,79.91387,-24.09340,372.59
2022-12-05 01:00:00,2022,5,12,1,-16.0,-18.2,62.7,8.2,335.9,79.91388,-24.09342,372.59
2022-12-05 02:00:00,2022,5,12,2,-16.0,-18.53,65.1,10.6,316.3,79.91389,-24.09345,372.59
2022-12-05 03:00:00,2022,5,12,3,-15.0,-18.68,66.4,12.1,316.8,79.91387,-24.09338,372.59
2022-12-05 04:00:00,2022,5,12,4,-14.0,-18.77,66.8,11.8,320.0,79.91386,-24.09339,372.59
2022-12-05 05:00:00,2022,5,12,5,-13.0,-19.2,64.4,11.4,323.0,79.91387,-24.09348,372.59
2022-12-05 06:00:00,2022,5,12,6,-11.0,-19.63,60.8,9.9,318.2,79.91387,-24.09334,372.59
2022-12-05 07:00:00,2022,5,12,7,-11.0,-20.3,60.6,9.6,307.1,79.91387,-24.09333,372.59
2022-12-05 08:00:00,2022,5,12,8,-10.0,-20.45,63.6,10.5,312.6,79.91386,-24.09331,372.59
2022-12-05 09:00:00,2022,5,12,9,-9.0,-20.25,63.8,9.9,322.3,79.91387,-24.09340,372.59
2022-12-05 10:00:00,2022,5,12,10,-8.0,-20.43,63.5,8.8,323.6,79.91390,-24.09336,372.59
2022-12-05 11:00:00,2022,5,12,11,-8.0,-20.8,62.9,8.1,326.6,79.91389,-24.09342,372.59
2022-12-05 12:00:00,2022,5,12,12,-7.0,-20.87,62.9,9.1,317.8,79.91388,-24.09329,372.59
2022-12-05 13:00:00,2022,5,12,13,-7.0,-21.2,61.6,8.7,314.8,79.91389,-24.09335,372.59
2022-12-05 14:00:00,2022,5,12,14,-6.0,-21.02,62.0,9.7,316.8,79.91388,-24.09337,372.59
2022-12-05 15:00:00,2022,5,12,15,-6.0,-21.33,61.0,8.6,319.0,79.91387,-24.09329,372.59
2022-12-05 16:00:00,2022,5,12,16,-5.0,-21.18,59.1,8.5,311.7,79.91387,-24.09333,372.59
2022-12-05 17:00:00,2022,5,12,17,-5.0,-21.1,58.9,8.3,311.7,79.91387,-24.09345,372.59
2022-12-05 18:00:00,2022,5,12,18,-5.0,-21.32,59.0,8.5,304.5,79.91387,-24.09334,372.59
2022-12-05 19:00:00,2022,5,12,19,-5.0,-21.33,58.8,7.8,320.1,79.91387,-24.09333,372.59
2022-12-05 20:00:00,2022,5,12,20,-4.0,-21.25,58.0,7.9,315.3,79.91388,-24.09339,372.59
2022-12-05 21:00:00,2022,5,12,21,-4.0,-21.78,58.6,6.5,326.5,79.91388,-24.09335,372.59
2022-12-05 22:00:00,2022,5,12,22,-5.0,-21.55,54.5,5.2,307.2,79.91386,-24.09333,372.59
2022-12-05 23:00:00,2022,5,12,23,-5.0,-21.78,59.9,8.5,302.1,79.91388,-24.09329,372.59
2022-12-06 00:00:00,2022,6,12,0,-5.0,-21.1,56.1,5.1,354.1,79.91387,-24.09341,372.57
2022-12-06 01:00:00,2022,6,12,1,-6.0,-21.43,52.8,3.2,353.2,79.91388,-24.09349,372.57
2022-12-06 02:00:00,2022,6,12,2,-6.0,-22.2,53.1,2.5,341.0,79.91388,-24.09333,372.57
2022-12-06 03:00:00,2022,6,12,3,-6.0,-22.4,54.9,3.9,340.6,79.91387,-24.09338,372.57
2022-12-06 04:00:00,2022,6,12,4,-6.0,-22.78,56.1,4.9,325.1,79.91387,-24.09341,372.57
2022-12-06 05:00:00,2022,6,12,5,-6.0,-22.3,56.4,4.9,329.7,79.91385,-24.09342,372.57
2022-12-06 06:00:00,2022,6,12,6,-5.0,-22.45,57.3,3.8,336.7,79.91387,-24.09341,372.57
2022-12-06 07:00:00,2022,6,12,7,-5.0,-22.97,57.9,3.5,355.7,79.91387,-24.09330,372.57
2022-12-06 08:00:00,2022,6,12,8,-4.0,-23.95,59.9,3.5,352.9,79.91387,-24.09337,372.57
2022-12-06 09:00:00,2022,6,12,9,-4.0,-23.65,59.1,4.4,339.9,79.91388,-24.09344,372.57
2022-12-06 10:00:00,2022,6,12,10,-4.0,-22.13,57.3,4.8,327.0,79.91388,-24.09336,372.57
2022-12-06 11:00:00,2022,6,12,11,-4.0,-22.1,57.4,3.7,359.7,79.91389,-24.09339,372.57
2022-12-06 12:00:00,2022,6,12,12,-4.0,-23.0,57.4,3.8,351.5,79.91389,-24.09341,372.57
2022-12-06 13:00:00,2022,6,12,13,-4.0,-20.95,53.9,5.3,324.2,79.91389,-24.09319,372.57
2022-12-06 14:00:00,2022,6,12,14,-4.0,-22.55,56.3,3.3,2.1,79.91387,-24.09335,372.57
2022-12-06 15:00:00,2022,6,12,15,-4.0,-22.78,58.6,3.8,338.5,79.91386,-24.09330,372.57
2022-12-06 16:00:00,2022,6,12,16,-5.0,-21.5,57.3,3.1,344.2,79.91389,-24.09336,372.57
2022-12-06 17:00:00,2022,6,12,17,-5.0,-19.9,56.2,3.2,323.8,79.91387,-24.09337,372.57
2022-12-06 18:00:00,2022,6,12,18,-5.0,-20.27,55.0,2.6,333.9,79.91388,-24.09355,372.57
2022-12-06 19:00:00,2022,6,12,19,-6.0,-19.75,56.3,1.7,305.5,79.91387,-24.09329,372.57
2022-12-06 20:00:00,2022,6,12,20,-6.0,-19.13,55.9,1.4,321.4,79.91387,-24.09339,372.57
2022-12-06 21:00:00,2022,6,12,21,-6.0,-19.72,53.5,0.6,314.2,79.91386,-24.09331,372.57
2022-12-06 22:00:00,2022,6,12,22,-7.0,-19.37,57.7,2.9,247.4,79.91386,-24.09325,372.57
2022-12-06 23:00:00,2022,6,12,23,-8.0,-18.97,58.1,2.4,231.8,79.91386,-24.09330,372.57
2022-12-07 00:00:00,2022,7,12,0,-8.0,-19.88,58.9,2.0,222.5,79.91388,-24.09338,372.55
2022-12-07 01:00:00,2022,7,12,1,-9.0,-19.88,62.2,1.9,215.1,79.91387,-24.09345,372.55
2022-12-07 02:00:00,2022,7,12,2,-10.0,-19.62,63.6,2.8,230.3,79.91387,-24.09333,372.55
2022-12-07 03:00:00,2022,7,12,3,-10.0,-19.53,64.3,3.6,212.8,79.91387,-24.09342,372.55
2022-12-07 04:00:00,2022,7,12,4,-11.0,-19.67,65.0,3.1,191.2,79.91388,-24.09340,372.55
2022-12-07 05:00:00,2022,7,12,5,-11.0,-20.65,65.6,3.9,209.5,79.91387,-24.09339,372.55
2022-12-07 06:00:00,2022,7,12,6,-12.0,-21.57,66.7,5.4,216.1,79.91387,-24.09336,372.55
2022-12-07 07:00:00,2022,7,12,7,-12.0,-22.18,67.5,6.1,219.1,79.91388,-24.09329,372.55
2022-12-07 08:00:00,2022,7,12,8,-12.0,-21.48,63.2,5.3,215.0,79.91386,-24.09330,372.55
2022-12-07 09:00:00,2022,7,12,9,-13.0,-21.67,63.5,4.2,195.1,79.91388,-24.09351,372.55
2022-12-07 10:00:00,2022,7,12,10,-13.0,-21.7,67.8,5.2,209.4,79.91388,-24.09334,372.55
2022-12-07 11:00:00,2022,7,12,11,-14.0,-22.02,69.2,4.7,217.1,79.91389,-24.09355,372.55
2022-12-07 12:00:00,2022,7,12,12,-14.0,-22.72,69.8,5.1,215.5,79.91387,-24.09344,372.55
2022-12-07 13:00:00,2022,7,12,13,-15.0,-22.97,69.7,5.4,214.0,79.91387,-24.09332,372.55
2022-12-07 14:00:00,2022,7,12,14,-15.0,-22.6,68.2,5.8,221.2,79.91388,-24.09320,372.55
2022-12-07 15:00:00,2022,7,12,15,-15.0,-22.58,68.4,5.5,220.5,79.91386,-24.09320,372.55
2022-12-07 16:00:00,2022,7,12,16,-16.0,-22.53,68.2,5.8,222.2,79.91387,-24.09329,372.55
2022-12-07 17:00:00,2022,7,12,17,-16.0,-22.33,68.0,4.9,216.8,79.91385,-24.09335,372.55
2022-12-07 18:00:00,2022,7,12,18,-16.0,-22.92,69.4,5.9,213.5,79.91388,-24.09339,372.55
2022-12-07 19:00:00,2022,7,12,19,-16.0,-22.27,67.4,6.4,215.9,79.91388,-24.09361,372.55
2022-12-07 20:00:00,2022,7,12,20,-16.0,-21.92,67.4,6.5,208.2,79.91386,-24.09336,372.55
2022-12-07 21:00:00,2022,7,12,21,-15.0,-22.52,68.4,4.7,203.2,79.91388,-24.09334,372.55
2022-12-07 22:00:00,2022,7,12,22,-15.0,-22.03,67.2,4.2,188.8,79.91387,-24.09328,372.55
2022-12-07 23:00:00,2022,7,12,23,-15.0,-21.68,67.5,3.2,206.1,79.91386,-24.09333,372.55
2022-12-08 00:00:00,2022,8,12,0,-15.0,-21.15,66.4,3.2,210.9,79.91386,-24.09332,372.54
2022-12-08 01:00:00,2022,8,12,1,-15.0,-20.42,68.3,1.8,237.9,79.91389,-24.09338,372.54
2022-12-08 02:00:00,2022,8,12,2,-14.0,-18.4,66.5,1.2,251.1,79.91388,-24.09341,372.54
2022-12-08 03:00:00,2022,8,12,3,-14.0,-13.4,66.1,2.5,303.6,79.91390,-24.09338,372.54
2022-12-08 04:00:00,2022,8,12,4,-14.0,-9.98,68.1,7.1,325.4,79.91388,-24.09338,372.54
2022-12-08 05:00:00,2022,8,12,5,-14.0,-10.58,67.9,11.1,303.6,79.91387,-24.09337,372.54
2022-12-08 06:00:00,2022,8,12,6,-14.0,-11.58,68.0,12.2,303.5,79.91387,-24.09339,372.54
2022-12-08 07:00:00,2022,8,12,7,-14.0,-11.83,67.5,12.3,305.5,79.91388,-24.09332,372.54
2022-12-08 08:00:00,2022,8,12,8,-14.0,-13.02,68.8,13.0,301.8,79.91387,-24.09326,372.54
2022-12-08 09:00:00,2022,8,12,9,-14.0,-13.28,68.2,12.5,300.8,79.91388,-24.09346,372.54
2022-12-08 10:00:00,2022,8,12,10,-13.0,-11.55,69.1,11.7,311.0,79.91389,-24.09329,372.54
2022-12-08 11:00:00,2022,8,12,11,-12.0,-9.73,63.5,8.5,327.8,79.91389,-24.09348,372.54
2022-12-08 12:00:00,2022,8,12,12,-11.0,-9.63,67.3,12.0,337.8,79.91386,-24.09347,372.54
2022-12-08 13:00:00,2022,8,12,13,-11.0,-10.62,70.6,11.0,330.5,79.91391,-24.09341,372.54
2022-12-08 14:00:00,2022,8,12,14,-11.0,-10.92,68.9,9.8,342.1,79.91388,-24.09342,372.54
2022-12-08 15:00:00,2022,8,12,15,-10.0,-10.55,60.2,6.1,343.5,79.91388,-24.09337,372.54
2022-12-08 16:00:00,2022,8,12,16,-10.0,-11.2,58.2,7.6,326.7,79.91389,-24.09337,372.54
2022-12-08 17:00:00,2022,8,12,17,-10.0,-11.27,56.6,6.7,331.2,79.91387,-24.09341,372.54
2022-12-08 18:00:00,2022,8,12,18,-11.0,-11.17,53.8,6.6,333.9,79.91387,-24.09332,372.54
2022-12-08 19:00:00,2022,8,12,19,-12.0,-11.75,62.9,9.5,314.5,79.91388,-24.09339,372.54
2022-12-08 20:00:00,2022,8,12,20,-11.0,-12.28,63.8,8.6,314.3,79.91387,-24.09340,372.54
2022-12-08 21:00:00,2022,8,12,21,-12.0,-13.77,70.3,13.6,305.9,79.91389,-24.09335,372.54
2022-12-08 22:00:00,2022,8,12,22,-12.0,-13.47,70.8,10.8,323.5,79.91387,-24.09332,372.54
2022-12-08 23:00:00,2022,8,12,23,-11.0,-13.5,70.9,10.9,324.9,79.91387,-24.09327,372.54
2022-12-09 00:00:00,2022,9,12,0,-11.0,-13.98,68.9,9.6,325.9,79.91387,-24.09333,372.52
2022-12-09 01:00:00,2022,9,12,1,-11.0,-14.33,67.7,10.1,315.0,79.91389,-24.09339,372.52
2022-12-09 02:00:00,2022,9,12,2,-11.0,-15.6,67.1,9.5,306.3,79.91387,-24.09334,372.52
2022-12-09 03:00:00,2022,9,12,3,-11.0,-15.5,65.5,6.5,301.0,79.91390,-24.09342,372.52
2022-12-09 04:00:00,2022,9,12,4,-12.0,-18.42,68.6,7.8,290.0,79.91388,-24.09345,372.52
2022-12-09 05:00:00,2022,9,12,5,-13.0,-17.23,66.3,6.4,278.2,79.91387,-24.09332,372.52
2022-12-09 06:00:00,2022,9,12,6,-14.0,-16.3,64.0,3.8,262.3,79.91387,-24.09332,372.52
2022-12-09 07:00:00,2022,9,12,7,-14.0,-16.23,61.8,3.3,250.5,79.91388,-24.09334,372.52
2022-12-09 08:00:00,2022,9,12,8,-15.0,-17.27,64.0,3.4,238.1,79.91388,-24.09337,372.52
2022-12-09 09:00:00,2022,9,12,9,-16.0,-16.82,60.8,3.9,237.6,79.91388,-24.09344,372.52
2022-12-09 10:00:00,2022,9,12,10,-17.0,-17.43,65.0,4.4,214.9,79.91388,-24.09333,372.52
2022-12-09 11:00:00,2022,9,12,11,-18.0,-16.87,62.8,5.2,225.5,79.91388,-24.09338,372.52
2022-12-09 12:00:00,2022,9,12,12,-19.0,-17.45,63.8,6.1,221.1,79.91389,-24.09343,372.52
2022-12-09 13:00:00,2022,9,12,13,-20.0,-17.55,64.8,5.2,220.8,79.91388,-24.09343,372.52
2022-12-09 14:00:00,2022,9,12,14,-20.0,-17.7,65.1,5.3,219.4,79.91386,-24.09328,372.52
2022-12-09 15:00:00,2022,9,12,15,-20.0,-16.92,62.9,5.1,210.3,79.91387,-24.09339,372.52
2022-12-09 16:00:00,2022,9,12,16,-21.0,-15.57,62.2,4.9,198.9,79.91388,-24.09334,372.52
2022-12-09 17:00:00,2022,9,12,17,-21.0,-13.62,65.4,2.7,262.7,79.91387,-24.09336,372.52
2022-12-09 18:00:00,2022,9,12,18,-21.0,-10.37,64.2,2.6,306.4,79.91387,-24.09333,372.52
2022-12-09 19:00:00,2022,9,12,19,-22.0,-8.05,74.5,9.3,303.2,79.91388,-24.09336,372.52
2022-12-09 20:00:00,2022,9,12,20,-22.0,-7.183,75.8,14.9,298.6,79.91386,-24.09333,372.52
2022-12-09 21:00:00,2022,9,12,21,-21.0,-6.317,74.3,15.4,301.9,79.91386,-24.09342,372.52
2022-12-09 22:00:00,2022,9,12,22,-20.0,-5.7,68.4,10.3,328.4,79.91389,-24.09334,372.52
2022-12-09 23:00:00,2022,9,12,23,-20.0,-6.45,71.8,9.8,309.5,79.91388,-24.09326,372.52
2022-12-10 00:00:00,2022,10,12,0,-20.0,-6.567,72.0,10.6,308.7,79.91390,-24.09336,372.50
2022-12-10 01:00:00,2022,10,12,1,-20.0,-6.9,72.2,12.1,305.0,79.91390,-24.09344,372.50
2022-12-10 02:00:00,2022,10,12,2,-20.0,-7.5,71.2,13.6,297.9,79.91386,-24.09346,372.50
2022-12-10 03:00:00,2022,10,12,3,-20.0,-6.633,68.6,13.3,299.8,79.91389,-24.09339,372.50
2022-12-10 04:00:00,2022,10,12,4,-20.0,-6.317,66.3,13.2,309.3,79.91388,-24.09334,372.50
2022-12-10 05:00:00,2022,10,12,5,-19.0,-5.683,67.3,11.9,334.4,79.91386,-24.09334,372.50
2022-12-10 06:00:00,2022,10,12,6,-19.0,-7.417,69.8,8.2,334.5,79.91386,-24.09324,372.50
2022-12-10 07:00:00,2022,10,12,7,-19.0,-7.233,70.2,8.6,318.4,79.91388,-24.09340,372.50
2022-12-10 08:00:00,2022,10,12,8,-20.0,-7.967,75.5,15.8,285.6,79.91387,-24.09331,372.50
2022-12-10 09:00:00,2022,10,12,9,-21.0,-8.68,74.5,17.0,285.2,79.91388,-24.09339,372.50
2022-12-10 10:00:00,2022,10,12,10,-20.0,-9.17,75.5,17.5,286.5,79.91387,-24.09330,372.50
2022-12-10 11:00:00,2022,10,12,11,-21.0,-8.78,75.9,17.5,284.7,79.91387,-24.09346,372.50
2022-12-10 12:00:00,2022,10,12,12,-21.0,-9.05,77.2,18.2,282.9,79.91388,-24.09323,372.50
2022-12-10 13:00:00,2022,10,12,13,-21.0,-9.18,77.8,18.8,289.1,79.91388,-24.09339,372.50
2022-12-10 14:00:00,2022,10,12,14,-21.0,-9.17,75.8,17.4,292.2,79.91388,-24.09341,372.50
2022-12-10 15:00:00,2022,10,12,15,-22.0,-8.6,75.8,17.9,299.5,79.91388,-24.09339,372.50
2022-12-10 16:00:00,2022,10,12,16,-23.0,-8.15,75.7,18.0,301.5,79.91388,-24.09324,372.50
2022-12-10 17:00:00,2022,10,12,17,-23.0,-8.93,74.7,18.0,298.8,79.91388,-24.09350,372.50
2022-12-10 18:00:00,2022,10,12,18,-23.0,-9.13,74.3,17.8,298.2,79.91387,-24.09322,372.50
2022-12-10 19:00:00,2022,10,12,19,-24.0,-8.98,74.3,17.4,300.6,79.91388,-24.09315,372.50
2022-12-10 20:00:00,2022,10,12,20,-25.0,-9.08,74.5,18.0,297.6,79.91387,-24.09333,372.50
2022-12-10 21:00:00,2022,10,12,21,-26.0,-9.97,74.5,19.0,293.9,79.91387,-24.09331,372.50
2022-12-10 22:00:00,2022,10,12,22,-26.0,-10.38,74.1,18.9,294.3,79.91388,-24.09339,372.50
2022-12-10 23:00:00,2022,10,12,23,-27.0,-10.15,73.6,18.0,297.4,79.91387,-24.09329,372.50
2022-12-11 00:00:00,2022,11,12,0,-27.0,-9.43,74.5,17.5,301.8,79.91388,-24.09330,372.49
2022-12-11 01:00:00,2022,11,12,1,-26.0,-9.55,73.9,16.6,306.3,79.91392,-24.09342,372.49
2022-12-11 02:00:00,2022,11,12,2,-24.0,-9.95,71.4,15.4,320.2,79.91387,-24.09336,372.49
2022-12-11 03:00:00,2022,11,12,3,-22.0,-10.75,67.6,14.2,320.4,79.91390,-24.09341,372.49
2022-12-11 04:00:00,2022,11,12,4,-21.0,-11.5,62.1,12.1,324.9,79.91388,-24.09332,372.49
2022-12-11 05:00:00,2022,11,12,5,-20.0,-12.82,60.7,11.7,323.1,79.91387,-24.09330,372.49
2022-12-11 06:00:00,2022,11,12,6,-19.0,-14.38,62.6,12.6,320.8,79.91387,-24.09330,372.49
2022-12-11 07:00:00,2022,11,12,7,-18.0,-15.55,63.4,12.7,325.0,79.91388,-24.09340,372.49
2022-12-11 08:00:00,2022,11,12,8,-18.0,-16.25,62.9,13.8,324.9,79.91387,-24.09331,372.49
2022-12-11 09:00:00,2022,11,12,9,-18.0,-16.93,63.1,13.4,326.6,79.91389,-24.09333,372.49
2022-12-11 10:00:00,2022,11,12,10,-17.0,-17.65,61.6,13.3,327.8,79.91388,-24.09329,372.49
2022-12-11 11:00:00,2022,11,12,11,-16.0,-18.37,59.1,12.3,327.3,79.91389,-24.09319,372.49
2022-12-11 12:00:00,2022,11,12,12,-16.0,-19.08,61.2,12.2,326.0,79.91388,-24.09354,372.49
2022-12-11 13:00:00,2022,11,12,13,-16.0,-19.8,60.9,12.5,318.0,79.91389,-24.09343,372.49
2022-12-11 14:00:00,2022,11,12,14,-16.0,-20.15,60.6,13.8,323.2,79.91387,-24.09330,372.49
2022-12-11 15:00:00,2022,11,12,15,-17.0,-20.5,62.2,13.4,331.7,79.91388,-24.09328,372.49
2022-12-11 16:00:00,2022,11,12,16,-17.0,-20.83,62.9,12.3,330.0,79.91386,-24.09328,372.49
2022-12-11 17:00:00,2022,11,12,17,-17.0,-21.47,62.8,10.8,335.5,79.91385,-24.09334,372.49
2022-12-11 18:00:00,2022,11,12,18,-16.0,-21.88,60.3,8.8,334.3,79.91387,-24.09337,372.49
2022-12-11 19:00:00,2022,11,12,19,-16.0,-22.17,59.9,9.1,334.3,79.91389,-24.09343,372.49
2022-12-11 20:00:00,2022,11,12,20,-17.0,-22.4,58.4,9.9,329.4,79.91386,-24.09335,372.49
2022-12-11 21:00:00,2022,11,12,21,-17.0,-22.43,57.9,10.7,330.5,79.91386,-24.09332,372.49
2022-12-11 22:00:00,2022,11,12,22,-17.0,-23.13,58.7,10.3,331.6,79.91388,-24.09336,372.49
2022-12-11 23:00:00,2022,11,12,23,-17.0,-23.08,58.7,10.8,334.3,79.91387,-24.09331,372.49
2022-12-12 00:00:00,2022,12,12,0,-17.0,-23.08,58.9,10.6,333.3,79.91389,-24.09332,372.47
2022-12-12 01:00:00,2022,12,12,1,-17.0,-22.92,60.0,11.6,330.6,79.91388,-24.09322,372.47
2022-12-12 02:00:00,2022,12,12,2,-17.0,-22.47,58.0,11.9,330.1,79.91389,-24.09341,372.47
2022-12-12 03:00:00,2022,12,12,3,-17.0,-22.3,60.5,12.5,329.5,79.91387,-24.09339,372.47
2022-12-12 04:00:00,2022,12,12,4,-16.0,-21.82,60.3,11.8,335.3,79.91388,-24.09344,372.47
2022-12-12 05:00:00,2022,12,12,5,-16.0,-20.63,61.7,12.7,335.3,79.91387,-24.09330,372.47
2022-12-12 06:00:00,2022,12,12,6,-15.0,-20.03,59.8,11.4,340.2,79.91386,-24.09330,372.47
2022-12-12 07:00:00,2022,12,12,7,-14.0,-19.48,59.1,9.7,338.5,79.91387,-24.09340,372.47
2022-12-12 08:00:00,2022,12,12,8,-14.0,-18.65,61.8,11.3,344.0,79.91388,-24.09334,372.47
2022-12-12 09:00:00,2022,12,12,9,-14.0,-18.3,67.5,12.6,350.1,79.91389,-24.09333,372.47
2022-12-12 10:00:00,2022,12,12,10,-14.0,-18.3,69.3,13.8,347.6,79.91389,-24.09335,372.47
2022-12-12 11:00:00,2022,12,12,11,-14.0,-18.58,68.5,12.1,354.1,79.91388,-24.09344,372.47
2022-12-12 12:00:00,2022,12,12,12,-14.0,-18.97,68.5,13.2,347.4,79.91390,-24.09312,372.47
2022-12-12 13:00:00,2022,12,12,13,-13.0,-19.4,63.9,9.6,348.0,79.91389,-24.09338,372.47
2022-12-12 14:00:00,2022,12,12,14,-13.0,-19.65,64.1,10.2,336.4,79.91387,-24.09340,372.47
2022-12-12 15:00:00,2022,12,12,15,-13.0,-19.67,65.3,10.5,338.2,79.91387,-24.09339,372.47
2022-12-12 16:00:00,2022,12,12,16,-13.0,-19.57,63.8,9.3,335.3,79.91388,-24.09324,372.47
2022-12-12 17:00:00,2022,12,12,17,-13.0,-19.25,63.4,9.5,343.0,79.91386,-24.09332,372.47
2022-12-12 18:00:00,2022,12,12,18,-13.0,-19.05,63.6,10.8,343.0,79.91388,-24.09331,372.47
2022-12-12 19:00:00,2022,12,12,19,-14.0,-19.43,63.0,11.6,337.2,79.91390,-24.09335,372.47
2022-12-12 20:00:00,2022,12,12,20,-14.0,-19.57,60.3,10.6,338.4,79.91387,-24.09331,372.47
2022-12-12 21:00:00,2022,12,12,21,-14.0,-19.7,62.2,11.0,339.4,79.91390,-24.09326,372.47
2022-12-12 22:00:00,2022,12,12,22,-14.0,-20.23,58.4,9.3,326.0,79.91390,-24.09345,372.47
2022-12-12 23:00:00,2022,12,12,23,-15.0,-20.8,56.6,8.2,330.4,79.91388,-24.09337,372.47
2022-12-13 00:00:00,2022,13,12,0,-15.0,-21.13,54.8,8.0,328.5,79.91388,-24.09329,372.45
2022-12-13 01:00:00,2022,13,12,1,-16.0,-21.65,55.1,8.8,324.6,79.91391,-24.09340,372.45
2022-12-13 02:00:00,2022,13,12,2,-16.0,-20.82,53.2,7.5,342.5,79.91389,-24.09346,372.45
2022-12-13 03:00:00,2022,13,12,3,-17.0,-21.62,53.5,4.9,345.5,79.91389,-24.09338,372.45
2022-12-13 04:00:00,2022,13,12,4,-17.0,-22.38,53.8,6.6,311.9,79.91388,-24.09335,372.45
2022-12-13 05:00:00,2022,13,12,5,-18.0,-22.52,53.3,7.1,315.2,79.91386,-24.09327,372.45
2022-12-13 06:00:00,2022,13,12,6,-18.0,-23.0,54.0,7.8,318.4,79.91387,-24.09340,372.45
2022-12-13 07:00:00,2022,13,12,7,-18.0,-23.13,55.3,8.7,314.5,79.91386,-24.09337,372.45
2022-12-13 08:00:00,2022,13,12,8,-18.0,-22.27,52.6,6.0,333.0,79.91388,-24.09332,372.45
2022-12-13 09:00:00,2022,13,12,9,-18.0,-22.08,50.7,4.8,357.1,79.91389,-24.09334,372.45
2022-12-13 10:00:00,2022,13,12,10,-18.0,-22.23,51.9,3.7,18.4,79.91388,-24.09338,372.45
2022-12-13 11:00:00,2022,13,12,11,-18.0,-22.28,51.7,7.0,326.8,79.91388,-24.09341,372.45
2022-12-13 12:00:00,2022,13,12,12,-18.0,-22.17,51.0,7.2,328.0,79.91389,-24.09338,372.45
2022-12-13 13:00:00,2022,13,12,13,-18.0,-22.33,51.3,6.8,325.4,79.91388,-24.09324,372.45
2022-12-13 14:00:00,2022,13,12,14,-18.0,-22.93,53.4,7.3,324.5,79.91386,-24.09326,372.45
2022-12-13 15:00:00,2022,13,12,15,-17.0,-22.92,54.0,6.8,328.7,79.91387,-24.09328,372.45
2022-12-13 16:00:00,2022,13,12,16,-17.0,-23.33,55.4,5.9,345.7,79.91388,-24.09328,372.45
2022-12-13 17:00:00,2022,13,12,17,-17.0,-23.87,56.7,5.8,330.5,79.91385,-24.09329,372.45
2022-12-13 18:00:00,2022,13,12,18,-17.0,-24.13,57.1,7.0,320.5,79.91387,-24.09342,372.45
2022-12-13 19:00:00,2022,13,12,19,-16.0,-24.2,57.4,6.8,323.8,79.91388,-24.09339,372.45
2022-12-13 20:00:00,2022,13,12,20,-16.0,-24.15,58.1,6.2,328.5,79.91387,-24.09333,372.45
2022-12-13 21:00:00,2022,13,12,21,-16.0,-24.4,59.2,6.7,322.0,79.91389,-24.09322,372.45
2022-12-13 22:00:00,2022,13,12,22,-15.0,-24.63,59.4,7.1,322.9,79.91390,-24.09334,372.45
2022-12-13 23:00:00,2022,13,12,23,-15.0,-24.27,58.4,5.7,331.1,79.91388,-24.09338,372.45
2022-12-14 00:00:00,2022,14,12,0,-15.0,-24.52,58.8,5.2,341.7,79.91386,-24.09326,372.44
2022-12-14 01:00:00,2022,14,12,1,-15.0,-24.37,58.5,6.0,333.7,79.91390,-24.09340,372.44
2022-12-14 02:00:00,2022,14,12,2,-15.0,-24.37,58.5,7.2,326.0,79.91388,-24.09343,372.44
2022-12-14 03:00:00,2022,14,12,3,-15.0,-24.18,57.9,6.7,332.7,79.91387,-24.09335,372.44
2022-12-14 04:00:00,2022,14,12,4,-15.0,-23.73,58.3,6.3,330.2,79.91389,-24.09344,372.44
2022-12-14 05:00:00,2022,14,12,5,-15.0,-23.33,57.9,7.0,329.5,79.91388,-24.09332,372.44
2022-12-14 06:00:00,2022,14,12,6,-15.0,-23.58,59.1,7.5,323.4,79.91387,-24.09337,372.44
2022-12-14 07:00:00,2022,14,12,7,-15.0,-23.33,58.9,6.9,327.4,79.91386,-24.09332,372.44
2022-12-14 08:00:00,2022,14,12,8,-15.0,-22.92,58.7,4.3,9.4,79.91388,-24.09337,372.44
2022-12-14 09:00:00,2022,14,12,9,-14.0,-22.57,58.1,4.9,350.5,79.91388,-24.09337,372.44
2022-12-14 10:00:00,2022,14,12,10,-15.0,-22.37,58.0,6.6,324.8,79.91389,-24.09336,372.44
2022-12-14 11:00:00,2022,14,12,11,-15.0,-23.17,58.2,6.6,321.9,79.91389,-24.09338,372.44
2022-12-14 12:00:00,2022,14,12,12,-15.0,-23.73,57.5,6.2,325.2,79.91388,-24.09339,372.44
2022-12-14 13:00:00,2022,14,12,13,-16.0,-23.95,57.3,6.6,328.2,79.91388,-24.09335,372.44
2022-12-14 14:00:00,2022,14,12,14,-16.0,-24.42,57.7,6.8,323.0,79.91385,-24.09323,372.44
2022-12-14 15:00:00,2022,14,12,15,-17.0,-24.52,56.5,6.6,324.3,79.91386,-24.09335,372.44
2022-12-14 16:00:00,2022,14,12,16,-17.0,-24.67,56.2,6.6,322.9,79.91387,-24.09336,372.44
2022-12-14 17:00:00,2022,14,12,17,-17.0,-25.02,56.8,6.3,325.5,79.91386,-24.09320,372.44
2022-12-14 18:00:00,2022,14,12,18,-18.0,-25.13,56.7,5.9,325.6,79.91386,-24.09335,372.44
2022-12-14 19:00:00,2022,14,12,19,-18.0,-25.37,57.2,5.2,321.0,79.91386,-24.09350,372.44
2022-12-14 20:00:00,2022,14,12,20,-18.0,-25.1,56.3,5.5,327.0,79.91387,-24.09334,372.44
2022-12-14 21:00:00,2022,14,12,21,-19.0,-24.83,55.4,4.5,341.7,79.91386,-24.09324,372.44
2022-12-14 22:00:00,2022,14,12,22,-19.0,-25.25,56.3,3.5,356.3,79.91388,-24.09338,372.44
2022-12-14 23:00:00,2022,14,12,23,-20.0,-25.4,56.0,3.7,354.8,79.91389,-24.09342,372.44
2022-12-15 00:00:00,2022,15,12,0,-20.0,-24.95,55.9,3.6,352.4,79.91388,-24.09330,372.42
2022-12-15 01:00:00,2022,15,12,1,-20.0,-24.47,54.5,3.7,357.9,79.91388,-24.09330,372.42
2022-12-15 02:00:00,2022,15,12,2,-21.0,-25.1,55.7,3.2,352.6,79.91388,-24.09340,372.42
2022-12-15 03:00:00,2022,15,12,3,-21.0,-24.47,54.7,4.4,346.7,79.91387,-24.09340,372.42
2022-12-15 04:00:00,2022,15,12,4,-22.0,-23.57,53.8,5.2,349.7,79.91389,-24.09334,372.42
2022-12-15 05:00:00,2022,15,12,5,-22.0,-24.62,55.4,3.2,5.9,79.91388,-24.09330,372.42
2022-12-15 06:00:00,2022,15,12,6,-23.0,-24.02,55.1,3.7,18.9,79.91389,-24.09334,372.42
2022-12-15 07:00:00,2022,15,12,7,-23.0,-24.67,56.0,2.6,11.6,79.91387,-24.09336,372.42
2022-12-15 08:00:00,2022,15,12,8,-24.0,-25.07,57.4,1.8,10.1,79.91388,-24.09345,372.42
2022-12-15 09:00:00,2022,15,12,9,-24.0,-24.93,57.2,1.8,14.7,79.91388,-24.09339,372.42
2022-12-15 10:00:00,2022,15,12,10,-24.0,-24.02,56.2,3.6,13.5,79.91387,-24.09335,372.42
2022-12-15 11:00:00,2022,15,12,11,-25.0,-24.78,57.8,3.0,21.3,79.91388,-24.09335,372.42
2022-12-15 12:00:00,2022,15,12,12,-25.0,-23.83,56.0,3.4,6.8,79.91389,-24.09342,372.42
2022-12-15 13:00:00,2022,15,12,13,-26.0,-24.52,57.1,2.7,11.4,79.91388,-24.09336,372.42
2022-12-15 14:00:00,2022,15,12,14,-27.0,-24.08,57.8,4.1,3.9,79.91388,-24.09332,372.42
2022-12-15 15:00:00,2022,15,12,15,-27.0,-23.62,57.2,5.3,345.9,79.91388,-24.09336,372.42
2022-12-15 16:00:00,2022,15,12,16,-27.0,-22.75,55.4,5.8,336.7,79.91387,-24.09339,372.42
2022-12-15 17:00:00,2022,15,12,17,-28.0,-22.43,54.2,6.9,334.4,79.91386,-24.09332,372.42
2022-12-15 18:00:00,2022,15,12,18,-29.0,-23.7,57.8,nan,nan,79.91387,-24.09333,372.42
2022-12-15 19:00:00,2022,15,12,19,-29.0,-23.7,56.9,3.2,14.5,79.91391,-24.09337,372.42
2022-12-15 20:00:00,2022,15,12,20,-29.0,-22.38,54.0,4.8,338.5,79.91388,-24.09348,372.42
2022-12-15 21:00:00,2022,15,12,21,-29.0,-22.82,53.5,6.5,336.3,79.91388,-24.09328,372.42
2022-12-15 22:00:00,2022,15,12,22,-30.0,-23.7,56.3,4.7,14.0,79.91389,-24.09340,372.42
2022-12-15 23:00:00,2022,15,12,23,-30.0,-25.02,59.2,2.6,20.6,79.91389,-24.09341,372.42
2022-12-16 00:00:00,2022,16,12,0,-31.0,-23.18,55.0,5.7,340.5,79.91389,-24.09328,372.40
2022-12-16 01:00:00,2022,16,12,1,-31.0,-23.63,55.1,6.3,338.1,79.91388,-24.09329,372.40
2022-12-16 02:00:00,2022,16,12,2,-31.0,-23.77,57.7,4.4,10.6,79.91387,-24.09335,372.40
2022-12-16 03:00:00,2022,16,12,3,-32.0,-22.55,54.8,5.7,344.2,79.91388,-24.09339,372.40
2022-12-16 04:00:00,2022,16,12,4,-32.0,-22.67,55.6,6.2,339.1,79.91388,-24.09336,372.40
2022-12-16 05:00:00,2022,16,12,5,-32.0,-23.28,56.6,5.5,350.5,79.91388,-24.09331,372.40
2022-12-16 06:00:00,2022,16,12,6,-32.0,-22.58,54.9,6.3,337.8,79.91388,-24.09334,372.40
2022-12-16 07:00:00,2022,16,12,7,-32.0,-22.87,56.2,5.4,352.4,79.91388,-24.09334,372.40
2022-12-16 08:00:00,2022,16,12,8,-32.0,-22.25,55.3,6.1,352.4,79.91388,-24.09346,372.40
2022-12-16 09:00:00,2022,16,12,9,-32.0,-21.57,53.0,7.2,343.5,79.91388,-24.09348,372.40
2022-12-16 10:00:00,2022,16,12,10,-32.0,-22.13,54.1,6.7,338.3,79.91389,-24.09336,372.40
2022-12-16 11:00:00,2022,16,12,11,-32.0,-22.62,55.2,6.2,324.3,79.91388,-24.09320,372.40
2022-12-16 12:00:00,2022,16,12,12,-31.0,-22.58,55.4,5.4,340.6,79.91388,-24.09332,372.40
2022-12-16 13:00:00,2022,16,12,13,-31.0,-23.13,55.4,4.2,4.7,79.91388,-24.09347,372.40
2022-12-16 14:00:00,2022,16,12,14,-31.0,-23.67,58.0,4.8,3.9,79.91388,-24.09337,372.40
2022-12-16 15:00:00,2022,16,12,15,-31.0,-24.27,60.5,2.4,53.1,79.91388,-24.09337,372.40
2022-12-16 16:00:00,2022,16,12,16,-31.0,-24.15,60.7,3.9,4.0,79.91388,-24.09340,372.40
2022-12-16 17:00:00,2022,16,12,17,-31.0,-26.3,66.5,2.5,86.7,79.91387,-24.09330,372.40
2022-12-16 18:00:00,2022,16,12,18,-31.0,-26.98,67.6,2.7,61.9,79.91387,-24.09329,372.40
2022-12-16 19:00:00,2022,16,12,19,-31.0,-25.13,62.7,5.5,359.0,79.91389,-24.09330,372.40
2022-12-16 20:00:00,2022,16,12,20,-30.0,-24.28,60.6,8.4,340.4,79.91386,-24.09331,372.40
2022-12-16 21:00:00,2022,16,12,21,-30.0,-29.0,70.7,7.2,13.9,79.91385,-24.09341,372.40
2022-12-16 22:00:00,2022,16,12,22,-29.0,-29.55,72.5,7.5,348.9,79.91387,-24.09341,372.40
2022-12-16 23:00:00,2022,16,12,23,-28.0,-27.72,69.8,8.1,358.3,79.91388,-24.09340,372.40
2022-12-17 00:00:00,2022,17,12,0,-27.0,-27.42,68.6,7.1,4.9,79.91387,-24.09334,372.39
2022-12-17 01:00:00,2022,17,12,1,-27.0,-27.45,71.2,6.9,352.9,79.91388,-24.09334,372.39
2022-12-17 02:00:00,2022,17,12,2,-26.0,-26.2,69.7,8.0,347.2,79.91387,-24.09339,372.39
2022-12-17 03:00:00,2022,17,12,3,-25.0,-25.3,65.7,7.9,355.2,79.91385,-24.09338,372.39
2022-12-17 04:00:00,2022,17,12,4,-25.0,-24.73,65.0,8.0,2.9,79.91388,-24.09349,372.39
2022-12-17 05:00:00,2022,17,12,5,-24.0,-25.07,68.2,7.4,356.2,79.91388,-24.09330,372.39
2022-12-17 06:00:00,2022,17,12,6,-23.0,-24.5,66.4,9.1,336.8,79.91387,-24.09327,372.39
2022-12-17 07:00:00,2022,17,12,7,-23.0,-24.23,67.3,10.4,346.9,79.91386,-24.09328,372.39
2022-12-17 08:00:00,2022,17,12,8,-22.0,-24.55,68.3,9.2,341.8,79.91387,-24.09340,372.39
2022-12-17 09:00:00,2022,17,12,9,-21.0,-23.97,65.4,8.5,336.5,79.91389,-24.09336,372.39
2022-12-17 10:00:00,2022,17,12,10,-20.0,-23.23,64.1,7.4,346.1,79.91389,-24.09343,372.39
2022-12-17 11:00:00,2022,17,12,11,-20.0,-22.17,62.1,8.8,332.7,79.91387,-24.09339,372.39
2022-12-17 12:00:00,2022,17,12,12,-20.0,-22.08,64.5,8.8,335.2,79.91392,-24.09311,372.39
2022-12-17 13:00:00,2022,17,12,13,-20.0,-22.05,64.4,9.5,342.1,79.91390,-24.09338,372.39
2022-12-17 14:00:00,2022,17,12,14,-20.0,-22.43,64.7,9.7,337.5,79.91389,-24.09337,372.39
2022-12-17 15:00:00,2022,17,12,15,-20.0,-22.12,64.7,10.1,340.9,79.91388,-24.09335,372.39
2022-12-17 16:00:00,2022,17,12,16,-20.0,-22.43,65.1,10.2,337.3,79.91387,-24.09336,372.39
2022-12-17 17:00:00,2022,17,12,17,-20.0,-22.4,64.7,10.0,347.4,79.91388,-24.09337,372.39
2022-12-17 18:00:00,2022,17,12,18,-19.0,-22.72,65.6,10.2,344.7,79.91388,-24.09335,372.39
2022-12-17 19:00:00,2022,17,12,19,-19.0,-22.97,66.6,10.5,343.1,79.91387,-24.09338,372.39
2022-12-17 20:00:00,2022,17,12,20,-19.0,-23.22,65.5,9.9,341.4,79.91386,-24.09336,372.39
2022-12-17 21:00:00,2022,17,12,21,-19.0,-23.12,66.2,10.2,340.0,79.91386,-24.09328,372.39
2022-12-17 22:00:00,2022,17,12,22,-19.0,-23.12,65.0,8.8,336.7,79.91387,-24.09335,372.39
2022-12-17 23:00:00,2022,17,12,23,-19.0,-23.03,65.3,9.2,341.1,79.91387,-24.09341,372.39
2022-12-18 00:00:00,2022,18,12,0,-19.0,-23.03,66.0,9.9,343.8,79.91387,-24.09327,372.37
2022-12-18 01:00:00,2022,18,12,1,-18.0,-22.43,65.1,8.9,355.9,79.91388,-24.09326,372.37
2022-12-18 02:00:00,2022,18,12,2,-18.0,-22.88,62.9,5.1,27.7,79.91387,-24.09337,372.37
2022-12-18 03:00:00,2022,18,12,3,-17.0,-23.2,61.9,4.1,23.5,79.91388,-24.09330,372.37
2022-12-18 04:00:00,2022,18,12,4,-17.0,-23.12,61.0,2.4,20.5,79.91387,-24.09348,372.37
2022-12-18 05:00:00,2022,18,12,5,-17.0,-22.92,59.3,3.4,351.8,79.91387,-24.09329,372.37
2022-12-18 06:00:00,2022,18,12,6,-17.0,-22.45,58.0,8.6,322.5,79.91388,-24.09324,372.37
2022-12-18 07:00:00,2022,18,12,7,-18.0,-22.68,56.8,8.6,321.8,79.91388,-24.09334,372.37
2022-12-18 08:00:00,2022,18,12,8,-18.0,-22.87,56.6,9.0,318.6,79.91388,-24.09341,372.37
2022-12-18 09:00:00,2022,18,12,9,-18.0,-23.27,56.5,8.7,313.5,79.91390,-24.09336,372.37
2022-12-18 10:00:00,2022,18,12,10,-19.0,-23.27,55.7,9.3,316.5,79.91389,-24.09346,372.37
2022-12-18 11:00:00,2022,18,12,11,-19.0,-23.35,53.5,9.3,320.7,79.91389,-24.09318,372.37
2022-12-18 12:00:00,2022,18,12,12,-20.0,-23.05,53.1,9.4,316.9,79.91389,-24.09336,372.37
2022-12-18 13:00:00,2022,18,12,13,-20.0,-22.98,52.9,8.8,324.1,79.91389,-24.09343,372.37
2022-12-18 14:00:00,2022,18,12,14,-20.0,-22.0,50.2,9.2,328.7,79.91388,-24.09344,372.37
2022-12-18 15:00:00,2022,18,12,15,-20.0,-22.52,51.8,10.2,327.7,79.91391,-24.09335,372.37
2022-12-18 16:00:00,2022,18,12,16,-19.0,-22.27,50.8,9.6,326.2,79.91389,-24.09350,372.37
2022-12-18 17:00:00,2022,18,12,17,-19.0,-22.17,49.8,8.1,332.9,79.91390,-24.09340,372.37
2022-12-18 18:00:00,2022,18,12,18,-19.0,-22.8,50.6,7.5,338.1,79.91389,-24.09336,372.37
2022-12-18 19:00:00,2022,18,12,19,-19.0,-22.88,49.6,6.2,337.1,79.91388,-24.09336,372.37
2022-12-18 20:00:00,2022,18,12,20,-19.0,-23.07,49.7,7.4,322.2,79.91388,-24.09338,372.37
2022-12-18 21:00:00,2022,18,12,21,-19.0,-23.12,48.9,8.6,320.5,79.91387,-24.09341,372.37
2022-12-18 22:00:00,2022,18,12,22,-19.0,-23.25,48.3,8.7,319.3,79.91388,-24.09327,372.37
2022-12-18 23:00:00,2022,18,12,23,-19.0,-22.9,47.0,8.6,323.4,79.91387,-24.09347,372.37
2022-12-19 00:00:00,2022,19,12,0,-19.0,-22.48,45.8,8.2,331.1,79.91387,-24.09344,372.35
2022-12-19 01:00:00,2022,19,12,1,-19.0,-22.42,46.3,7.7,329.0,79.91389,-24.09327,372.35
2022-12-19 02:00:00,2022,19,12,2,-19.0,-22.4,46.4,7.1,329.1,79.91388,-24.09327,372.35
2022-12-19 03:00:00,2022,19,12,3,-19.0,-22.58,47.2,6.4,336.3,79.91386,-24.09333,372.35
2022-12-19 04:00:00,2022,19,12,4,-19.0,-22.83,49.6,5.4,7.4,79.91386,-24.09338,372.35
2022-12-19 05:00:00,2022,19,12,5,-19.0,-23.4,50.5,1.4,69.2,79.91386,-24.09326,372.35
2022-12-19 06:00:00,2022,19,12,6,-19.0,-23.05,50.6,2.7,32.4,79.91387,-24.09319,372.35
2022-12-19 07:00:00,2022,19,12,7,-19.0,-22.22,49.5,6.5,345.9,79.91386,-24.09326,372.35
2022-12-19 08:00:00,2022,19,12,8,-18.0,-22.57,53.2,5.1,352.9,79.91386,-24.09340,372.35
2022-12-19 09:00:00,2022,19,12,9,-18.0,-22.23,52.9,5.1,351.5,79.91388,-24.09336,372.35
2022-12-19 10:00:00,2022,19,12,10,-18.0,-21.93,53.1,6.1,347.9,79.91389,-24.09344,372.35
2022-12-19 11:00:00,2022,19,12,11,-18.0,-22.92,55.4,5.2,2.0,79.91388,-24.09337,372.35
2022-12-19 12:00:00,2022,19,12,12,-18.0,-22.68,56.4,5.0,12.5,79.91391,-24.09314,372.35
2022-12-19 13:00:00,2022,19,12,13,-18.0,-23.1,58.0,3.2,10.4,79.91388,-24.09348,372.35
2022-12-19 14:00:00,2022,19,12,14,-18.0,-23.33,58.9,2.7,357.4,79.91389,-24.09339,372.35
2022-12-19 15:00:00,2022,19,12,15,-19.0,-22.88,59.4,2.7,351.2,79.91388,-24.09343,372.35
2022-12-19 16:00:00,2022,19,12,16,-19.0,-22.55,59.8,4.1,335.9,79.91388,-24.09344,372.35
2022-12-19 17:00:00,2022,19,12,17,-19.0,-21.9,59.8,4.8,334.8,79.91390,-24.09345,372.35
2022-12-19 18:00:00,2022,19,12,18,-19.0,-21.4,59.9,4.4,345.0,79.91389,-24.09329,372.35
2022-12-19 19:00:00,2022,19,12,19,-19.0,-22.0,60.6,4.3,10.9,79.91388,-24.09339,372.35
2022-12-19 20:00:00,2022,19,12,20,-19.0,-22.58,62.1,2.6,11.4,79.91388,-24.09334,372.35
2022-12-19 21:00:00,2022,19,12,21,-19.0,-21.95,62.0,2.4,353.3,79.91387,-24.09330,372.35
2022-12-19 22:00:00,2022,19,12,22,-20.0,-22.03,62.4,2.4,359.1,79.91388,-24.09324,372.35
2022-12-19 23:00:00,2022,19,12,23,-20.0,-22.82,63.8,2.3,322.7,79.91387,-24.09343,372.35
2022-12-20 00:00:00,2022,20,12,0,-21.0,-22.23,63.7,2.0,336.1,79.91388,-24.09345,372.34
2022-12-20 01:00:00,2022,20,12,1,-22.0,-22.32,64.0,2.8,330.3,79.91389,-24.09336,372.34
2022-12-20 02:00:00,2022,20,12,2,-22.0,-22.48,65.9,1.1,305.7,79.91387,-24.09328,372.34
2022-12-20 03:00:00,2022,20,12,3,-23.0,-22.55,66.6,0.3,162.0,79.91387,-24.09334,372.34
2022-12-20 04:00:00,2022,20,12,4,-23.0,-22.12,65.6,1.0,265.7,79.91387,-24.09339,372.34
2022-12-20 05:00:00,2022,20,12,5,-23.0,-22.4,65.3,0.8,261.1,79.91388,-24.09336,372.34
2022-12-20 06:00:00,2022,20,12,6,-24.0,-23.28,69.8,0.8,253.3,79.91387,-24.09330,372.34
2022-12-20 07:00:00,2022,20,12,7,-24.0,-22.38,67.8,1.5,243.2,79.91386,-24.09330,372.34
2022-12-20 08:00:00,2022,20,12,8,-24.0,-22.38,68.1,2.2,250.9,79.91388,-24.09337,372.34
2022-12-20 09:00:00,2022,20,12,9,-25.0,-22.33,68.3,1.6,227.9,79.91390,-24.09331,372.34
2022-12-20 10:00:00,2022,20,12,10,-25.0,-21.97,68.9,2.2,240.5,79.91389,-24.09335,372.34
2022-12-20 11:00:00,2022,20,12,11,-25.0,-21.82,68.6,2.4,235.0,79.91388,-24.09336,372.34
2022-12-20 12:00:00,2022,20,12,12,-25.0,-21.08,66.9,1.9,262.0,79.91390,-24.09339,372.34
2022-12-20 13:00:00,2022,20,12,13,-25.0,-19.72,64.4,1.8,17.4,79.91389,-24.09306,372.34
2022-12-20 14:00:00,2022,20,12,14,-25.0,-13.57,61.7,10.1,336.8,79.91387,-24.09342,372.34
2022-12-20 15:00:00,2022,20,12,15,-24.0,-13.78,62.6,12.7,335.6,79.91389,-24.09346,372.34
2022-12-20 16:00:00,2022,20,12,16,-24.0,-13.85,63.8,13.8,338.7,79.91388,-24.09344,372.34
2022-12-20 17:00:00,2022,20,12,17,-22.0,-14.68,66.5,12.4,343.5,79.91389,-24.09336,372.34
2022-12-20 18:00:00,2022,20,12,18,-21.0,-15.83,61.2,9.5,11.5,79.91389,-24.09357,372.34
2022-12-20 19:00:00,2022,20,12,19,-20.0,-18.17,66.8,9.8,359.0,79.91388,-24.09338,372.34
2022-12-20 20:00:00,2022,20,12,20,-19.0,-19.3,76.4,9.4,11.4,79.91386,-24.09338,372.34
2022-12-20 21:00:00,2022,20,12,21,-19.0,-20.63,74.0,7.7,350.3,79.91387,-24.09340,372.34
2022-12-20 22:00:00,2022,20,12,22,-19.0,-21.45,73.9,7.7,338.3,79.91388,-24.09325,372.34
2022-12-20 23:00:00,2022,20,12,23,-20.0,-21.9,60.4,10.4,328.7,79.91388,-24.09327,372.34
2022-12-21 00:00:00,2022,21,12,0,-20.0,-21.7,56.0,10.0,329.7,79.91388,-24.09349,372.32
2022-12-21 01:00:00,2022,21,12,1,-20.0,-22.23,53.8,10.0,327.1,79.91387,-24.09323,372.32
2022-12-21 02:00:00,2022,21,12,2,-20.0,-22.88,56.5,9.5,324.0,79.91387,-24.09330,372.32
2022-12-21 03:00:00,2022,21,12,3,-20.0,-22.75,55.2,9.1,323.5,79.91388,-24.09335,372.32
2022-12-21 04:00:00,2022,21,12,4,-21.0,-23.23,55.0,8.7,325.8,79.91388,-24.09342,372.32
2022-12-21 05:00:00,2022,21,12,5,-21.0,-23.32,54.2,8.7,325.4,79.91387,-24.09341,372.32
2022-12-21 06:00:00,2022,21,12,6,-22.0,-23.83,54.6,8.5,326.5,79.91387,-24.09331,372.32
2022-12-21 07:00:00,2022,21,12,7,-22.0,-24.1,54.1,8.6,319.7,79.91387,-24.09330,372.32
2022-12-21 08:00:00,2022,21,12,8,-22.0,-24.1,55.1,8.7,324.1,79.91388,-24.09344,372.32
2022-12-21 09:00:00,2022,21,12,9,-22.0,-23.67,53.8,8.2,325.1,79.91388,-24.09334,372.32
2022-12-21 10:00:00,2022,21,12,10,-23.0,-24.47,53.5,7.8,322.1,79.91389,-24.09343,372.32
2022-12-21 11:00:00,2022,21,12,11,-23.0,-24.43,51.8,8.1,320.8,79.91388,-24.09342,372.32
2022-12-21 12:00:00,2022,21,12,12,-24.0,-24.25,51.2,8.3,321.4,79.91388,-24.09341,372.32
2022-12-21 13:00:00,2022,21,12,13,-24.0,-24.0,50.0,7.2,336.9,79.91388,-24.09342,372.32
2022-12-21 14:00:00,2022,21,12,14,-24.0,-24.32,49.4,6.3,349.7,79.91385,-24.09324,372.32
2022-12-21 15:00:00,2022,21,12,15,-24.0,-24.52,48.4,6.1,343.6,79.91390,-24.09344,372.32
2022-12-21 16:00:00,2022,21,12,16,-24.0,-24.73,48.9,8.4,320.2,79.91388,-24.09336,372.32
2022-12-21 17:00:00,2022,21,12,17,-24.0,-24.82,50.4,9.1,321.5,79.91388,-24.09332,372.32
2022-12-21 18:00:00,2022,21,12,18,-23.0,-24.77,50.3,8.5,322.9,79.91387,-24.09330,372.32
2022-12-21 19:00:00,2022,21,12,19,-23.0,-24.85,51.2,8.8,322.2,79.91387,-24.09351,372.32
2022-12-21 20:00:00,2022,21,12,20,-23.0,-25.3,52.2,9.1,327.0,79.91387,-24.09332,372.32
2022-12-21 21:00:00,2022,21,12,21,-23.0,-24.42,51.9,9.7,333.9,79.91386,-24.09330,372.32
2022-12-21 22:00:00,2022,21,12,22,-22.0,-24.82,52.3,9.6,331.7,79.91386,-24.09325,372.32
2022-12-21 23:00:00,2022,21,12,23,-22.0,-25.15,53.6,8.8,331.2,79.91388,-24.09332,372.32
2022-12-22 00:00:00,2022,22,12,0,-21.0,-25.38,53.8,9.0,332.3,79.91388,-24.09339,372.30
2022-12-22 01:00:00,2022,22,12,1,-21.0,-25.53,53.8,8.6,333.6,79.91387,-24.09327,372.30
2022-12-22 02:00:00,2022,22,12,2,-20.0,-25.48,53.8,9.3,333.8,79.91387,-24.09351,372.30
2022-12-22 03:00:00,2022,22,12,3,-20.0,-25.62,53.5,10.7,330.5,79.91388,-24.09339,372.30
2022-12-22 04:00:00,2022,22,12,4,-20.0,-25.5,53.3,11.5,336.0,79.91388,-24.09341,372.30
2022-12-22 05:00:00,2022,22,12,5,-19.0,-25.82,54.5,11.6,335.5,79.91387,-24.09340,372.30
2022-12-22 06:00:00,2022,22,12,6,-19.0,-25.98,55.0,10.8,327.9,79.91388,-24.09331,372.30
2022-12-22 07:00:00,2022,22,12,7,-19.0,-25.77,54.6,11.2,330.0,79.91387,-24.09323,372.30
2022-12-22 08:00:00,2022,22,12,8,-18.0,-25.87,55.7,11.1,335.1,79.91388,-24.09347,372.30
2022-12-22 09:00:00,2022,22,12,9,-18.0,-25.73,56.5,10.7,341.7,79.91389,-24.09332,372.30
2022-12-22 10:00:00,2022,22,12,10,-18.0,-25.67,57.0,11.4,340.6,79.91388,-24.09341,372.30
2022-12-22 11:00:00,2022,22,12,11,-18.0,-25.5,58.6,10.6,342.7,79.91388,-24.09337,372.30
2022-12-22 12:00:00,2022,22,12,12,-18.0,-25.25,59.5,9.8,340.5,79.91390,-24.09334,372.30
2022-12-22 13:00:00,2022,22,12,13,-18.0,-24.75,62.4,10.0,343.9,79.91388,-24.09336,372.30
2022-12-22 14:00:00,2022,22,12,14,-19.0,-24.07,67.7,11.6,346.4,79.91390,-24.09341,372.30
2022-12-22 15:00:00,2022,22,12,15,-20.0,-24.0,68.8,14.2,342.0,79.91387,-24.09318,372.30
2022-12-22 16:00:00,2022,22,12,16,-20.0,-23.35,66.8,13.5,340.4,79.91386,-24.09335,372.30
2022-12-22 17:00:00,2022,22,12,17,-20.0,-22.8,70.4,13.1,344.4,79.91388,-24.09335,372.30
2022-12-22 18:00:00,2022,22,12,18,-20.0,-22.78,70.9,12.8,340.3,79.91388,-24.09323,372.30
2022-12-22 19:00:00,2022,22,12,19,-21.0,-22.6,70.0,12.5,341.0,79.91387,-24.09328,372.30
2022-12-22 20:00:00,2022,22,12,20,-21.0,-22.4,65.8,12.9,337.9,79.91387,-24.09342,372.30
2022-12-22 21:00:00,2022,22,12,21,-21.0,-22.23,62.8,12.1,337.7,79.91386,-24.09328,372.30
2022-12-22 22:00:00,2022,22,12,22,-22.0,-22.1,64.8,12.3,335.3,79.91387,-24.09331,372.30
2022-12-22 23:00:00,2022,22,12,23,-23.0,-21.83,62.0,11.9,339.4,79.91387,-24.09330,372.30
2022-12-23 00:00:00,2022,23,12,0,-23.0,-21.53,59.5,11.8,338.8,79.91390,-24.09338,372.29
2022-12-23 01:00:00,2022,23,12,1,-24.0,-21.33,59.7,11.8,340.2,79.91388,-24.09338,372.29
2022-12-23 02:00:00,2022,23,12,2,-25.0,-21.55,60.9,11.4,341.9,79.91391,-24.09342,372.29
2022-12-23 03:00:00,2022,23,12,3,-25.0,-21.27,60.5,11.3,341.8,79.91387,-24.09336,372.29
2022-12-23 04:00:00,2022,23,12,4,-26.0,-21.05,61.1,11.2,341.9,79.91388,-24.09334,372.29
2022-12-23 05:00:00,2022,23,12,5,-27.0,-20.85,62.1,12.0,340.8,79.91387,-24.09330,372.29
2022-12-23 06:00:00,2022,23,12,6,-26.0,-20.42,60.9,11.6,342.7,79.91388,-24.09327,372.29
2022-12-23 07:00:00,2022,23,12,7,-26.0,-20.07,59.9,11.1,342.3,79.91387,-24.09331,372.29
2022-12-23 08:00:00,2022,23,12,8,-26.0,-20.0,58.9,10.8,343.9,79.91388,-24.09344,372.29
2022-12-23 09:00:00,2022,23,12,9,-26.0,-20.17,58.8,11.1,342.3,79.91389,-24.09331,372.29
2022-12-23 10:00:00,2022,23,12,10,-27.0,-20.57,62.0,11.5,342.3,79.91388,-24.09341,372.29
2022-12-23 11:00:00,2022,23,12,11,-27.0,-20.53,62.5,9.5,347.0,79.91387,-24.09329,372.29
2022-12-23 12:00:00,2022,23,12,12,-27.0,-19.48,65.1,9.8,3.9,79.91389,-24.09337,372.29
2022-12-23 13:00:00,2022,23,12,13,-27.0,-18.78,78.6,10.8,353.5,79.91388,-24.09338,372.29
2022-12-23 14:00:00,2022,23,12,14,-27.0,-18.18,73.4,12.9,14.6,79.91388,-24.09333,372.29
2022-12-23 15:00:00,2022,23,12,15,-28.0,-18.08,62.7,17.6,347.8,79.91386,-24.09325,372.29
2022-12-23 16:00:00,2022,23,12,16,-28.0,-18.32,64.0,17.2,345.4,79.91387,-24.09334,372.29
2022-12-23 17:00:00,2022,23,12,17,-28.0,-18.45,63.6,13.2,356.5,79.91386,-24.09323,372.29
2022-12-23 18:00:00,2022,23,12,18,-28.0,-18.67,66.0,13.1,3.5,79.91387,-24.09335,372.29
2022-12-23 19:00:00,2022,23,12,19,-28.0,-19.07,67.8,13.1,4.7,79.91386,-24.09329,372.29
2022-12-23 20:00:00,2022,23,12,20,-28.0,-19.42,70.6,10.1,10.2,79.91388,-24.09333,372.29
2022-12-23 21:00:00,2022,23,12,21,-27.0,-20.0,70.8,6.6,17.0,79.91387,-24.09342,372.29
2022-12-23 22:00:00,2022,23,12,22,-28.0,-19.88,70.6,4.8,20.1,79.91387,-24.09328,372.29
2022-12-23 23:00:00,2022,23,12,23,-28.0,-19.02,66.8,7.0,6.4,79.91387,-24.09333,372.29
2022-12-24 00:00:00,2022,24,12,0,-28.0,-18.85,67.8,10.1,9.8,79.91389,-24.09335,372.27
2022-12-24 01:00:00,2022,24,12,1,-28.0,-19.3,69.3,8.1,12.5,79.91387,-24.09341,372.27
2022-12-24 02:00:00,2022,24,12,2,-29.0,-19.93,66.1,9.3,349.1,79.91388,-24.09338,372.27
2022-12-24 03:00:00,2022,24,12,3,-29.0,-19.93,66.0,9.6,350.3,79.91389,-24.09342,372.27
2022-12-24 04:00:00,2022,24,12,4,-29.0,-19.88,62.5,10.4,353.4,79.91386,-24.09332,372.27
2022-12-24 05:00:00,2022,24,12,5,-30.0,-20.48,63.7,10.0,351.6,79.91387,-24.09328,372.27
2022-12-24 06:00:00,2022,24,12,6,-30.0,-20.75,63.9,10.2,352.7,79.91388,-24.09330,372.27
2022-12-24 07:00:00,2022,24,12,7,-30.0,-20.57,64.5,nan,nan,79.91387,-24.09330,372.27
2022-12-24 08:00:00,2022,24,12,8,-30.0,-20.48,64.7,10.1,3.2,79.91388,-24.09344,372.27
2022-12-24 09:00:00,2022,24,12,9,-30.0,-21.02,63.8,8.8,356.5,79.91388,-24.09331,372.27
2022-12-24 10:00:00,2022,24,12,10,-31.0,-21.57,65.8,9.0,345.4,79.91387,-24.09342,372.27
2022-12-24 11:00:00,2022,24,12,11,-31.0,-21.53,67.2,9.4,355.9,79.91389,-24.09342,372.27
2022-12-24 12:00:00,2022,24,12,12,-31.0,-21.5,65.0,8.0,2.6,79.91389,-24.09323,372.27
2022-12-24 13:00:00,2022,24,12,13,-31.0,-22.05,65.5,6.0,9.3,79.91386,-24.09334,372.27
2022-12-24 14:00:00,2022,24,12,14,-32.0,-22.25,65.9,5.6,351.2,79.91388,-24.09335,372.27
2022-12-24 15:00:00,2022,24,12,15,-32.0,-22.7,67.8,6.1,341.9,79.91389,-24.09331,372.27
2022-12-24 16:00:00,2022,24,12,16,-32.0,-22.92,64.0,7.0,342.0,79.91387,-24.09334,372.27
2022-12-24 17:00:00,2022,24,12,17,-33.0,-23.2,62.2,7.3,337.3,79.91387,-24.09336,372.27
2022-12-24 18:00:00,2022,24,12,18,-33.0,-23.37,64.8,8.7,338.0,79.91389,-24.09329,372.27
2022-12-24 19:00:00,2022,24,12,19,-33.0,-23.4,63.0,8.9,339.3,79.91385,-24.09341,372.27
2022-12-24 20:00:00,2022,24,12,20,-33.0,-23.77,63.1,8.0,339.5,79.91388,-24.09330,372.27
2022-12-24 21:00:00,2022,24,12,21,-33.0,-24.27,62.7,7.4,337.8,79.91389,-24.09338,372.27
2022-12-24 22:00:00,2022,24,12,22,nan,-24.38,60.0,7.3,336.0,79.91387,-24.09329,372.27
2022-12-24 23:00:00,2022,24,12,23,-33.0,-23.72,60.4,7.0,333.2,79.91388,-24.09334,372.27
2022-12-25 00:00:00,2022,25,12,0,-33.0,-23.42,59.3,7.4,334.0,79.91390,-24.09335,372.25
2022-12-25 01:00:00,2022,25,12,1,-33.0,-23.47,57.2,8.1,335.6,79.91386,-24.09342,372.25
2022-12-25 02:00:00,2022,25,12,2,-33.0,-23.02,56.7,9.2,336.5,79.91388,-24.09343,372.25
2022-12-25 03:00:00,2022,25,12,3,-33.0,-23.38,55.7,8.9,330.7,79.91388,-24.09327,372.25
2022-12-25 04:00:00,2022,25,12,4,-33.0,-23.45,55.7,10.4,330.5,79.91387,-24.09336,372.25
2022-12-25 05:00:00,2022,25,12,5,-33.0,-23.88,55.0,9.4,331.8,79.91387,-24.09326,372.25
2022-12-25 06:00:00,2022,25,12,6,-32.0,-24.35,55.9,9.5,330.5,79.91388,-24.09337,372.25
2022-12-25 07:00:00,2022,25,12,7,-32.0,-24.35,55.0,9.2,329.9,79.91387,-24.09326,372.25
2022-12-25 08:00:00,2022,25,12,8,-32.0,-24.33,53.6,8.7,333.0,79.91389,-24.09336,372.25
2022-12-25 09:00:00,2022,25,12,9,-32.0,-24.62,54.4,9.5,335.0,79.91387,-24.09329,372.25
2022-12-25 10:00:00,2022,25,12,10,-32.0,-24.63,53.5,10.1,327.7,79.91388,-24.09334,372.25
2022-12-25 11:00:00,2022,25,12,11,-32.0,-25.13,55.5,10.7,331.2,79.91388,-24.09329,372.25
2022-12-25 12:00:00,2022,25,12,12,-32.0,-25.33,55.3,9.9,330.4,79.91388,-24.09336,372.25
2022-12-25 13:00:00,2022,25,12,13,-32.0,-25.37,54.8,10.0,330.9,79.91387,-24.09328,372.25
2022-12-25 14:00:00,2022,25,12,14,-32.0,-26.1,54.0,9.5,321.1,79.91388,-24.09330,372.25
2022-12-25 15:00:00,2022,25,12,15,-32.0,-26.78,55.3,9.5,324.5,79.91388,-24.09321,372.25
2022-12-25 16:00:00,2022,25,12,16,-32.0,-26.65,56.2,9.9,332.5,79.91387,-24.09336,372.25
2022-12-25 17:00:00,2022,25,12,17,-32.0,-26.55,55.9,9.1,337.8,79.91387,-24.09332,372.25
2022-12-25 18:00:00,2022,25,12,18,-32.0,-27.22,56.1,7.1,330.4,79.91387,-24.09324,372.25
2022-12-25 19:00:00,2022,25,12,19,-32.0,-28.22,57.6,7.0,321.7,79.91385,-24.09334,372.25
2022-12-25 20:00:00,2022,25,12,20,-32.0,-28.03,56.5,6.9,325.2,79.91388,-24.09330,372.25
2022-12-25 21:00:00,2022,25,12,21,-32.0,-28.23,56.5,6.5,324.1,79.91387,-24.09337,372.25
2022-12-25 22:00:00,2022,25,12,22,-32.0,-28.68,56.6,6.6,313.0,79.91387,-24.09325,372.25
2022-12-25 23:00:00,2022,25,12,23,-33.0,-29.45,56.0,7.1,313.9,79.91389,-24.09340,372.25
2022-12-26 00:00:00,2022,26,12,0,-33.0,-29.12,53.8,7.2,314.6,79.91390,-24.09339,372.24
2022-12-26 01:00:00,2022,26,12,1,-33.0,-29.72,53.6,6.0,307.0,79.91387,-24.09340,372.24
2022-12-26 02:00:00,2022,26,12,2,-34.0,-29.65,54.6,5.5,313.2,79.91388,-24.09339,372.24
2022-12-26 03:00:00,2022,26,12,3,-34.0,-30.23,53.9,6.0,309.7,79.91388,-24.09335,372.24
2022-12-26 04:00:00,2022,26,12,4,-34.0,-29.2,52.4,3.8,328.8,79.91387,-24.09332,372.24
2022-12-26 05:00:00,2022,26,12,5,-35.0,-29.57,53.1,3.2,344.1,79.91387,-24.09330,372.24
2022-12-26 06:00:00,2022,26,12,6,-35.0,-30.23,54.3,3.5,326.5,79.91388,-24.09335,372.24
2022-12-26 07:00:00,2022,26,12,7,-35.0,-30.27,54.0,3.9,323.9,79.91387,-24.09330,372.24
2022-12-26 08:00:00,2022,26,12,8,-35.0,-29.82,53.1,3.5,1.8,79.91388,-24.09335,372.24
2022-12-26 09:00:00,2022,26,12,9,-35.0,-30.28,53.1,2.9,352.4,79.91388,-24.09330,372.24
2022-12-26 10:00:00,2022,26,12,10,-36.0,-30.05,53.1,4.3,336.0,79.91388,-24.09336,372.24
2022-12-26 11:00:00,2022,26,12,11,-36.0,-29.9,52.2,5.2,327.0,79.91388,-24.09347,372.24
2022-12-26 12:00:00,2022,26,12,12,-36.0,-30.73,55.4,1.5,27.5,79.91388,-24.09327,372.24
2022-12-26 13:00:00,2022,26,12,13,-36.0,-30.7,54.7,3.0,5.1,79.91386,-24.09336,372.24
2022-12-26 14:00:00,2022,26,12,14,-37.0,-30.75,54.8,2.8,11.0,79.91386,-24.09338,372.24
2022-12-26 15:00:00,2022,26,12,15,-37.0,-31.37,55.6,2.2,12.8,79.91388,-24.09326,372.24
2022-12-26 16:00:00,2022,26,12,16,-37.0,-31.32,55.5,2.4,3.0,79.91384,-24.09317,372.24
2022-12-26 17:00:00,2022,26,12,17,-38.0,-31.45,56.9,1.7,350.7,79.91385,-24.09336,372.24
2022-12-26 18:00:00,2022,26,12,18,-38.0,-31.25,55.4,2.4,13.0,79.91388,-24.09343,372.24
2022-12-26 19:00:00,2022,26,12,19,-38.0,-29.97,52.6,4.7,344.8,79.91386,-24.09335,372.24
2022-12-26 20:00:00,2022,26,12,20,-38.0,-29.43,50.7,5.2,354.5,79.91388,-24.09329,372.24
2022-12-26 21:00:00,2022,26,12,21,-38.0,-29.03,50.0,5.6,348.9,79.91390,-24.09342,372.24
2022-12-26 22:00:00,2022,26,12,22,-39.0,-29.12,50.8,6.2,335.3,79.91387,-24.09330,372.24
2022-12-26 23:00:00,2022,26,12,23,-39.0,-29.72,52.7,4.7,6.4,79.91389,-24.09330,372.24
2022-12-27 00:00:00,2022,27,12,0,-39.0,-29.88,52.7,2.2,40.7,79.91388,-24.09334,372.22
2022-12-27 01:00:00,2022,27,12,1,-39.0,-30.18,53.5,3.6,359.4,79.91388,-24.09350,372.22
2022-12-27 02:00:00,2022,27,12,2,-39.0,-29.73,52.3,4.4,3.6,79.91388,-24.09341,372.22
2022-12-27 03:00:00,2022,27,12,3,-40.0,-29.53,51.9,4.2,9.0,79.91388,-24.09329,372.22
2022-12-27 04:00:00,2022,27,12,4,-40.0,-29.13,49.9,4.9,1.4,79.91386,-24.09331,372.22
2022-12-27 05:00:00,2022,27,12,5,-41.0,-29.23,50.6,5.6,339.1,79.91386,-24.09333,372.22
2022-12-27 06:00:00,2022,27,12,6,-41.0,-29.52,50.5,5.2,351.4,79.91387,-24.09332,372.22
2022-12-27 07:00:00,2022,27,12,7,-41.0,-29.83,50.8,4.0,6.2,79.91388,-24.09327,372.22
2022-12-27 08:00:00,2022,27,12,8,-41.0,-29.72,51.6,4.9,353.4,79.91388,-24.09336,372.22
2022-12-27 09:00:00,2022,27,12,9,-41.0,-29.78,51.6,6.0,333.9,79.91387,-24.09337,372.22
2022-12-27 10:00:00,2022,27,12,10,-41.0,-29.82,52.9,7.0,331.9,79.91388,-24.09345,372.22
2022-12-27 11:00:00,2022,27,12,11,-42.0,-29.63,52.5,6.9,334.1,79.91388,-24.09349,372.22
2022-12-27 12:00:00,2022,27,12,12,-42.0,-29.7,52.4,5.9,338.8,79.91389,-24.09324,372.22
2022-12-27 13:00:00,2022,27,12,13,-42.0,-29.92,54.8,6.7,333.6,79.91386,-24.09322,372.22
2022-12-27 14:00:00,2022,27,12,14,-43.0,-29.53,54.4,6.3,340.4,79.91387,-24.09319,372.22
2022-12-27 15:00:00,2022,27,12,15,-43.0,-29.98,55.1,5.7,359.7,79.91387,-24.09313,372.22
2022-12-27 16:00:00,2022,27,12,16,-43.0,-30.05,55.8,6.0,336.8,79.91383,-24.09318,372.22
2022-12-27 17:00:00,2022,27,12,17,-44.0,-30.15,55.3,5.8,353.5,79.91389,-24.09332,372.22
2022-12-27 18:00:00,2022,27,12,18,-44.0,-29.72,55.8,7.3,340.3,79.91388,-24.09343,372.22
2022-12-27 19:00:00,2022,27,12,19,-44.0,-30.55,54.8,4.0,22.6,79.91387,-24.09327,372.22
2022-12-27 20:00:00,2022,27,12,20,-45.0,-29.95,53.1,5.9,358.1,79.91389,-24.09328,372.22
2022-12-27 21:00:00,2022,27,12,21,-45.0,-29.48,53.5,8.0,330.0,79.91389,-24.09344,372.22
2022-12-27 22:00:00,2022,27,12,22,-45.0,-28.98,53.1,9.0,331.5,79.91386,-24.09336,372.22
2022-12-27 23:00:00,2022,27,12,23,-46.0,-29.2,53.9,7.3,354.5,79.91388,-24.09328,372.22
2022-12-28 00:00:00,2022,28,12,0,-46.0,-31.17,56.8,4.9,32.9,79.91390,-24.09336,372.20
2022-12-28 01:00:00,2022,28,12,1,-46.0,-29.97,56.0,6.3,8.7,79.91387,-24.09345,372.20
2022-12-28 02:00:00,2022,28,12,2,-46.0,-29.0,54.2,8.4,350.9,79.91388,-24.09335,372.20
2022-12-28 03:00:00,2022,28,12,3,-47.0,-29.47,53.8,7.7,1.0,79.91389,-24.09335,372.20
2022-12-28 04:00:00,2022,28,12,4,-47.0,-29.45,54.1,7.9,4.2,79.91387,-24.09326,372.20
2022-12-28 05:00:00,2022,28,12,5,-47.0,-29.93,57.2,nan,nan,79.91387,-24.09337,372.20
2022-12-28 06:00:00,2022,28,12,6,-47.0,-30.5,59.9,8.3,15.7,79.91386,-24.09332,372.20
2022-12-28 07:00:00,2022,28,12,7,-47.0,-30.8,59.3,7.0,17.5,79.91387,-24.09330,372.20
2022-12-28 08:00:00,2022,28,12,8,-47.0,-30.4,58.3,7.7,16.1,79.91388,-24.09334,372.20
2022-12-28 09:00:00,2022,28,12,9,-47.0,-30.27,59.5,7.2,15.3,79.91388,-24.09329,372.20
2022-12-28 10:00:00,2022,28,12,10,-47.0,-30.02,60.4,8.2,8.7,79.91389,-24.09333,372.20
2022-12-28 11:00:00,2022,28,12,11,-47.0,-30.7,60.7,8.5,13.3,79.91390,-24.09336,372.20
2022-12-28 12:00:00,2022,28,12,12,-48.0,-31.32,62.6,8.5,10.3,79.91388,-24.09347,372.20
2022-12-28 13:00:00,2022,28,12,13,-48.0,-30.18,62.2,10.3,2.2,79.91386,-24.09326,372.20
2022-12-28 14:00:00,2022,28,12,14,-48.0,-30.95,63.0,10.1,3.4,79.91389,-24.09319,372.20
2022-12-28 15:00:00,2022,28,12,15,-48.0,-30.85,65.3,9.8,4.9,79.91389,-24.09336,372.20
2022-12-28 16:00:00,2022,28,12,16,-48.0,-29.77,62.1,12.2,345.1,79.91386,-24.09328,372.20
2022-12-28 17:00:00,2022,28,12,17,-48.0,-29.47,59.8,12.3,347.6,79.91387,-24.09337,372.20
2022-12-28 18:00:00,2022,28,12,18,-48.0,-29.55,61.0,12.3,344.8,79.91389,-24.09338,372.20
2022-12-28 19:00:00,2022,28,12,19,-49.0,-29.58,61.2,13.0,345.5,79.91388,-24.09338,372.20
2022-12-28 20:00:00,2022,28,12,20,nan,-30.03,64.5,13.6,347.1,79.91388,-24.09326,372.20
2022-12-28 21:00:00,2022,28,12,21,-48.0,-29.7,64.0,12.7,347.5,79.91388,-24.09337,372.20
2022-12-28 22:00:00,2022,28,12,22,-48.0,-29.78,67.0,nan,nan,79.91387,-24.09338,372.20
2022-12-28 23:00:00,2022,28,12,23,nan,-30.37,66.8,12.5,351.6,79.91387,-24.09325,372.20
2022-12-29 00:00:00,2022,29,12,0,-49.0,-29.78,63.1,12.9,348.7,79.91390,-24.09338,372.19
2022-12-29 01:00:00,2022,29,12,1,-50.0,-29.6,59.5,13.2,350.2,79.91387,-24.09339,372.19
2022-12-29 02:00:00,2022,29,12,2,-50.0,-29.67,61.0,12.7,348.7,79.91388,-24.09335,372.19
2022-12-29 03:00:00,2022,29,12,3,-50.0,-29.93,63.5,12.4,349.3,79.91388,-24.09342,372.19
2022-12-29 04:00:00,2022,29,12,4,-50.0,-30.03,64.9,12.3,349.0,79.91387,-24.09333,372.19
2022-12-29 05:00:00,2022,29,12,5,-51.0,-29.77,63.8,13.3,347.0,79.91388,-24.09333,372.19
2022-12-29 06:00:00,2022,29,12,6,-51.0,-29.57,64.3,12.5,347.8,79.91386,-24.09334,372.19
2022-12-29 07:00:00,2022,29,12,7,nan,-29.97,64.1,11.6,347.3,79.91388,-24.09336,372.19
2022-12-29 08:00:00,2022,29,12,8,-51.0,-29.15,61.1,13.4,346.1,79.91387,-24.09335,372.19
2022-12-29 09:00:00,2022,29,12,9,-50.0,-28.77,60.1,11.4,350.3,79.91388,-24.09335,372.19
2022-12-29 10:00:00,2022,29,12,10,-50.0,-28.53,60.6,11.1,352.3,79.91389,-24.09326,372.19
2022-12-29 11:00:00,2022,29,12,11,-51.0,-28.08,61.4,10.7,353.0,79.91389,-24.09337,372.19
2022-12-29 12:00:00,2022,29,12,12,-51.0,-27.72,69.6,9.8,352.5,79.91387,-24.09335,372.19
2022-12-29 13:00:00,2022,29,12,13,-51.0,-27.68,70.5,8.0,354.2,79.91387,-24.09328,372.19
2022-12-29 14:00:00,2022,29,12,14,-51.0,-27.33,71.9,7.8,356.6,79.91387,-24.09326,372.19
2022-12-29 15:00:00,2022,29,12,15,-52.0,-27.52,71.0,8.1,356.4,79.91388,-24.09319,372.19
2022-12-29 16:00:00,2022,29,12,16,-52.0,-27.67,70.2,8.4,350.6,79.91385,-24.09325,372.19
2022-12-29 17:00:00,2022,29,12,17,-52.0,-27.73,70.4,8.7,348.9,79.91388,-24.09329,372.19
2022-12-29 18:00:00,2022,29,12,18,-52.0,-27.7,69.2,9.1,348.1,79.91389,-24.09329,372.19
2022-12-29 19:00:00,2022,29,12,19,-52.0,-27.53,69.7,10.7,352.0,79.91386,-24.09329,372.19
2022-12-29 20:00:00,2022,29,12,20,-52.0,-27.8,69.5,10.4,340.3,79.91387,-24.09346,372.19
2022-12-29 21:00:00,2022,29,12,21,-52.0,-27.93,67.4,11.6,338.5,79.91389,-24.09335,372.19
2022-12-29 22:00:00,2022,29,12,22,-52.0,-27.95,66.9,11.1,336.9,79.91387,-24.09335,372.19
2022-12-29 23:00:00,2022,29,12,23,-52.0,-27.92,65.2,10.8,337.9,79.91387,-24.09323,372.19
2022-12-30 00:00:00,2022,30,12,0,-52.0,-27.73,63.0,11.2,337.7,79.91387,-24.09327,372.17
2022-12-30 01:00:00,2022,30,12,1,-52.0,-27.57,59.8,11.4,334.5,79.91388,-24.09328,372.17
2022-12-30 02:00:00,2022,30,12,2,-52.0,-27.65,59.7,10.8,338.3,79.91389,-24.09336,372.17
2022-12-30 03:00:00,2022,30,12,3,-52.0,-27.6,59.9,9.6,339.0,79.91388,-24.09328,372.17
2022-12-30 04:00:00,2022,30,12,4,-52.0,-27.58,58.9,9.5,336.4,79.91387,-24.09334,372.17
2022-12-30 05:00:00,2022,30,12,5,-51.0,-27.42,57.5,8.6,338.8,79.91389,-24.09330,372.17
2022-12-30 06:00:00,2022,30,12,6,-51.0,-27.32,57.0,8.3,338.4,79.91387,-24.09335,372.17
2022-12-30 07:00:00,2022,30,12,7,-50.0,-27.18,56.0,8.6,340.4,79.91388,-24.09339,372.17
2022-12-30 08:00:00,2022,30,12,8,-50.0,-27.45,56.6,7.7,343.4,79.91388,-24.09334,372.17
2022-12-30 09:00:00,2022,30,12,9,-49.0,-27.07,56.1,7.5,342.5,79.91387,-24.09329,372.17
2022-12-30 10:00:00,2022,30,12,10,-48.0,-27.03,59.2,5.8,353.5,79.91388,-24.09326,372.17
2022-12-30 11:00:00,2022,30,12,11,-48.0,-26.6,57.2,5.6,359.1,79.91388,-24.09303,372.17
2022-12-30 12:00:00,2022,30,12,12,-48.0,-27.08,60.7,5.0,6.1,79.91387,-24.09335,372.17
2022-12-30 13:00:00,2022,30,12,13,-47.0,-27.33,65.5,5.2,346.6,79.91388,-24.09321,372.17
2022-12-30 14:00:00,2022,30,12,14,-47.0,-27.42,68.3,5.5,348.4,79.91389,-24.09332,372.17
2022-12-30 15:00:00,2022,30,12,15,-47.0,-26.7,68.0,6.7,344.9,79.91388,-24.09336,372.17
2022-12-30 16:00:00,2022,30,12,16,-46.0,-26.78,69.9,4.1,29.9,79.91387,-24.09332,372.17
2022-12-30 17:00:00,2022,30,12,17,-46.0,-25.58,70.0,5.7,354.6,79.91388,-24.09332,372.17
2022-12-30 18:00:00,2022,30,12,18,-46.0,-24.88,70.2,6.4,353.5,79.91389,-24.09325,372.17
2022-12-30 19:00:00,2022,30,12,19,-45.0,-25.13,72.3,4.9,4.9,79.91387,-24.09327,372.17
2022-12-30 20:00:00,2022,30,12,20,-45.0,-24.43,71.0,6.7,344.7,79.91387,-24.09326,372.17
2022-12-30 21:00:00,2022,30,12,21,-44.0,-24.03,70.8,6.5,351.3,79.91388,-24.09340,372.17
2022-12-30 22:00:00,2022,30,12,22,-44.0,-23.77,69.4,6.5,358.0,79.91389,-24.09338,372.17
2022-12-30 23:00:00,2022,30,12,23,-44.0,-24.55,74.4,4.6,358.9,79.91389,-24.09330,372.17
2022-12-31 00:00:00,2022,31,12,0,-44.0,-23.75,73.3,3.7,10.2,79.91388,-24.09332,372.16
